843
2.83800e+06
0.00000e+00 0.00000e+00 0.00000e+00 0.00000e+00 1.60000e+24
4.30668e+04 -3.34133e+04 -2.71234e+04 -3.49596e+04 1.00000e+19
-1.53645e+05 -3.55766e+05 -1.52348e+04 6.57945e+03 1.00000e+19
5.76827e+04 -1.34600e+04 -9.64564e+03 -4.13362e+04 1.00000e+19
2.85189e+04 -1.86357e+04 -3.06162e+04 -4.68532e+04 1.00000e+19
9.64300e+04 -1.43947e+05 -2.06193e+04 -1.38128e+04 1.00000e+19
-9.64591e+04 3.88911e+04 1.19783e+04 2.97091e+04 1.00000e+19
-2.62382e+05 8.86382e+04 6.28264e+03 1.85976e+04 1.00000e+19
7.78011e+04 9.68791e+04 2.28506e+04 -1.83507e+04 1.00000e+19
-1.23416e+04 3.87495e+04 4.88111e+04 1.55462e+04 1.00000e+19
-5.87571e+04 4.06914e+05 1.59459e+04 2.30255e+03 1.00000e+19
-2.27051e+05 2.08408e+05 1.25832e+04 1.37089e+04 1.00000e+19
1.01399e+05 -2.64101e+05 -1.81321e+04 -6.96168e+03 1.00000e+19
8.62890e+03 -1.15040e+05 -3.03300e+04 -2.27499e+03 1.00000e+19
-2.04521e+05 -1.74482e+05 -1.29313e+04 1.51576e+04 1.00000e+19
-6.04583e+04 -3.08041e+04 -1.80042e+04 3.53363e+04 1.00000e+19
6.79677e+04 -3.02919e+05 -1.80909e+04 -4.05918e+03 1.00000e+19
3.47976e+05 -2.18661e+05 -8.57377e+03 -1.36443e+04 1.00000e+19
1.22383e+05 -5.70509e+04 -1.18782e+04 -2.54807e+04 1.00000e+19
1.36041e+05 3.40172e+05 1.58471e+04 -6.33752e+03 1.00000e+19
1.04652e+05 7.38334e+04 1.66408e+04 -2.35868e+04 1.00000e+19
2.13932e+05 -2.53640e+05 -1.37088e+04 -1.15627e+04 1.00000e+19
2.41025e+05 -3.96819e+05 -1.29581e+04 -7.87065e+03 1.00000e+19
-1.25062e+05 -1.63594e+05 -1.80858e+04 1.38260e+04 1.00000e+19
7.98873e+04 1.13831e+05 2.26751e+04 -1.59135e+04 1.00000e+19
5.20374e+03 2.51694e+03 5.91630e+04 -1.22319e+05 1.00000e+19
1.31149e+05 1.48770e+05 1.74010e+04 -1.53399e+04 1.00000e+19
9.03335e+03 -4.89321e+04 -4.55418e+04 -8.40746e+03 1.00000e+19
-1.05149e+05 -3.20888e+05 -1.68937e+04 5.53577e+03 1.00000e+19
3.22368e+05 -2.18035e+05 -9.27738e+03 -1.37167e+04 1.00000e+19
1.01194e+03 2.14366e+03 1.91875e+05 -9.05766e+04 1.00000e+19
8.80543e+04 -8.29607e+04 -2.03670e+04 -2.16175e+04 1.00000e+19
-3.73898e+05 4.85200e+04 2.16508e+03 1.66843e+04 1.00000e+19
6.43219e+03 6.86442e+03 7.77220e+04 -7.28281e+04 1.00000e+19
3.40797e+05 3.03859e+05 1.01744e+04 -1.14112e+04 1.00000e+19
-4.00839e+05 -6.70968e+04 -2.67527e+03 1.59822e+04 1.00000e+19
6.58228e+03 -8.77835e+04 -3.47208e+04 -2.60348e+03 1.00000e+19
3.09686e+04 -3.49860e+04 -3.57862e+04 -3.16769e+04 1.00000e+19
9.30779e+04 -1.69297e+05 -2.05955e+04 -1.13232e+04 1.00000e+19
-9.49261e+04 1.43926e+05 2.07689e+04 1.36981e+04 1.00000e+19
6.49712e+03 5.89685e+04 4.21582e+04 -4.64497e+03 1.00000e+19
-3.00072e+02 -2.48552e+05 -2.07212e+04 2.50163e+01 1.00000e+19
-1.06893e+04 -3.22513e+04 -5.31987e+04 1.76321e+04 1.00000e+19
1.05259e+05 5.88183e+04 1.45123e+04 -2.59705e+04 1.00000e+19
1.05432e+05 -4.55746e+04 -1.20945e+04 -2.79794e+04 1.00000e+19
-2.67875e+05 3.64107e+05 1.23766e+04 9.10552e+03 1.00000e+19
-3.72513e+05 8.09166e+04 3.55166e+03 1.63507e+04 1.00000e+19
-1.10656e+04 -2.11478e+04 -5.92471e+04 3.10011e+04 1.00000e+19
3.95783e+04 2.62564e+05 1.98238e+04 -2.98819e+03 1.00000e+19
3.28288e+05 1.86875e+05 8.31508e+03 -1.46073e+04 1.00000e+19
2.05816e+04 -4.03149e+04 -4.32463e+04 -2.20782e+04 1.00000e+19
2.50407e+05 3.25341e+05 1.27766e+04 -9.83381e+03 1.00000e+19
3.00390e+05 -9.77868e+04 -5.68941e+03 -1.74772e+04 1.00000e+19
2.38059e+05 3.32483e+05 1.31350e+04 -9.40476e+03 1.00000e+19
-7.66112e+04 -2.48613e+04 -1.12356e+04 3.46230e+04 1.00000e+19
-4.12953e+05 -1.08246e+05 -4.00902e+03 1.52942e+04 1.00000e+19
-2.42127e+04 9.82097e+04 3.15374e+04 7.77527e+03 1.00000e+19
-1.29800e+04 3.71817e+04 4.91475e+04 1.71572e+04 1.00000e+19
9.03489e+03 2.37047e+05 2.11950e+04 -8.07831e+02 1.00000e+19
1.00560e+04 2.09499e+05 2.25311e+04 -1.08150e+03 1.00000e+19
8.25125e+04 -1.62102e+03 -7.06328e+02 -3.59532e+04 1.00000e+19
-1.93174e+05 1.62121e+05 1.32243e+04 1.57573e+04 1.00000e+19
3.35337e+05 1.04091e+05 5.16832e+03 -1.66502e+04 1.00000e+19
-7.68387e+04 1.12270e+05 2.31129e+04 1.58187e+04 1.00000e+19
2.53716e+05 -3.51895e+04 -2.80418e+03 -2.02182e+04 1.00000e+19
1.26397e+05 9.27325e+03 2.12325e+03 -2.89405e+04 1.00000e+19
1.43810e+05 -1.26975e+05 -1.56106e+04 -1.76803e+04 1.00000e+19
3.08604e+05 -5.99636e+04 -3.51429e+03 -1.80864e+04 1.00000e+19
-1.47550e+05 9.92351e+04 1.36719e+04 2.03285e+04 1.00000e+19
7.96469e+04 -3.11590e+05 -1.76488e+04 -4.51130e+03 1.00000e+19
3.51514e+05 1.79423e+05 7.47601e+03 -1.46465e+04 1.00000e+19
-9.40668e+03 -1.38941e+04 -6.60401e+04 4.47108e+04 1.00000e+19
1.11958e+05 -1.50048e+05 -1.91358e+04 -1.42782e+04 1.00000e+19
1.83316e+05 -1.05662e+04 -1.38727e+03 -2.40681e+04 1.00000e+19
-1.02447e+05 7.15933e+04 1.67385e+04 2.39519e+04 1.00000e+19
6.42958e+03 1.79272e+05 2.43752e+04 -8.74214e+02 1.00000e+19
1.74232e+05 1.77427e+05 1.47811e+04 -1.45149e+04 1.00000e+19
-3.87722e+05 -1.63454e+05 -6.18664e+03 1.46751e+04 1.00000e+19
1.31699e+04 -2.71660e+03 -1.79970e+04 -8.72487e+04 1.00000e+19
2.88222e+05 -2.67104e+05 -1.12017e+04 -1.20873e+04 1.00000e+19
8.40019e+03 -3.84037e+04 -5.08995e+04 -1.11335e+04 1.00000e+19
1.11945e+05 -1.87087e+05 -1.89854e+04 -1.13600e+04 1.00000e+19
-7.92759e+04 5.72656e+04 1.93436e+04 2.67783e+04 1.00000e+19
3.60674e+05 8.24617e+04 3.78536e+03 -1.65565e+04 1.00000e+19
-2.48869e+05 -1.59333e+04 -1.32173e+03 2.06445e+04 1.00000e+19
-1.94066e+04 1.44460e+04 3.96585e+04 5.32765e+04 1.00000e+19
-2.34182e+04 1.25006e+05 2.84723e+04 5.33392e+03 1.00000e+19
-1.39922e+05 -3.57771e+05 -1.55225e+04 6.07075e+03 1.00000e+19
2.27800e+05 -3.85659e+05 -1.32904e+04 -7.85031e+03 1.00000e+19
6.65223e+04 -2.57168e+04 -1.39483e+04 -3.60804e+04 1.00000e+19
1.09879e+05 -2.16270e+05 -1.86995e+04 -9.50059e+03 1.00000e+19
2.27331e+04 1.33700e+04 3.22483e+04 -5.48321e+04 1.00000e+19
2.62273e+05 -2.11905e+05 -1.11807e+04 -1.38383e+04 1.00000e+19
3.76969e+05 1.74203e+05 6.72477e+03 -1.45521e+04 1.00000e+19
4.54466e+04 1.59037e+05 2.44234e+04 -6.97925e+03 1.00000e+19
-2.20752e+05 -3.51928e+05 -1.35777e+04 8.51678e+03 1.00000e+19
2.20134e+05 4.02195e+05 1.33830e+04 -7.32494e+03 1.00000e+19
-2.21037e+05 2.88646e+05 1.36028e+04 1.04166e+04 1.00000e+19
3.35526e+05 9.03752e+04 4.55794e+03 -1.69218e+04 1.00000e+19
3.48566e+05 2.95884e+05 9.88697e+03 -1.16474e+04 1.00000e+19
-4.16219e+05 7.15415e+04 2.69286e+03 1.56667e+04 1.00000e+19
2.43069e+03 3.77522e+03 1.29625e+05 -8.34594e+04 1.00000e+19
1.27166e+05 -5.87449e+04 -1.15753e+04 -2.50573e+04 1.00000e+19
-4.71110e+04 -8.25087e+04 -2.91045e+04 1.66182e+04 1.00000e+19
-4.12283e+05 -8.90789e+04 -3.35926e+03 1.55476e+04 1.00000e+19
4.81143e+04 -3.54312e+03 -3.45411e+03 -4.69055e+04 1.00000e+19
3.92071e+05 2.31951e+05 7.79333e+03 -1.31732e+04 1.00000e+19
4.32815e+05 4.52983e+04 1.63006e+03 -1.55748e+04 1.00000e+19
8.20522e+04 2.65940e+03 1.16796e+03 -3.60359e+04 1.00000e+19
-7.28123e+04 5.69477e+04 2.09328e+04 2.67643e+04 1.00000e+19
-5.52060e+04 3.75572e+04 2.24876e+04 3.30549e+04 1.00000e+19
-2.09595e+05 -1.85333e+04 -1.98366e+03 2.24334e+04 1.00000e+19
1.87928e+04 -1.67203e+05 -2.50272e+04 -2.81294e+03 1.00000e+19
-7.65575e+04 -2.62287e+05 -1.89716e+04 5.53752e+03 1.00000e+19
-3.06142e+05 -1.68863e+05 -8.43826e+03 1.52983e+04 1.00000e+19
-4.27425e+05 -1.67929e+05 -5.57446e+03 1.41885e+04 1.00000e+19
3.37117e+03 -2.10951e+04 -6.97939e+04 -1.11536e+04 1.00000e+19
2.44391e+04 1.59046e+04 3.29986e+04 -5.07058e+04 1.00000e+19
2.72638e+05 7.17588e+04 4.95223e+03 -1.88154e+04 1.00000e+19
-2.79398e+04 8.81748e+04 3.23807e+04 1.02604e+04 1.00000e+19
2.00247e+05 -1.75468e+05 -1.31944e+04 -1.50578e+04 1.00000e+19
1.91794e+03 -1.21106e+05 -2.96797e+04 -4.70036e+02 1.00000e+19
2.95193e+04 -4.24412e+04 -3.72996e+04 -2.59432e+04 1.00000e+19
1.34090e+05 3.29192e+04 6.62851e+03 -2.69999e+04 1.00000e+19
-8.70835e+04 7.21385e+04 1.95975e+04 2.36575e+04 1.00000e+19
8.51739e+04 4.45196e+05 1.50709e+04 -2.88332e+03 1.00000e+19
3.04891e+04 -4.55136e+04 -3.66696e+04 -2.45646e+04 1.00000e+19
4.35863e+04 5.42998e+03 6.09367e+03 -4.89138e+04 1.00000e+19
1.54088e+05 4.24418e+05 1.44509e+04 -5.24652e+03 1.00000e+19
6.67681e+04 3.35817e+04 1.69792e+04 -3.37585e+04 1.00000e+19
-7.11313e+04 -1.36578e+05 -2.33486e+04 1.21602e+04 1.00000e+19
-2.68295e+05 9.08605e+04 6.22607e+03 1.83845e+04 1.00000e+19
2.62037e+05 -3.07896e+05 -1.23726e+04 -1.05298e+04 1.00000e+19
-1.65045e+05 -8.22324e+04 -1.07285e+04 2.15326e+04 1.00000e+19
-3.94437e+05 9.78746e+04 3.90269e+03 1.57279e+04 1.00000e+19
7.09030e+04 -4.03122e+04 -1.78784e+04 -3.14455e+04 1.00000e+19
1.91210e+05 -3.50756e+04 -4.22748e+03 -2.30456e+04 1.00000e+19
1.97633e+05 -3.16062e+04 -3.64652e+03 -2.28017e+04 1.00000e+19
-4.49268e+04 3.23396e+05 1.79073e+04 2.48771e+03 1.00000e+19
-1.04864e+04 -1.14374e+04 -6.11275e+04 5.60450e+04 1.00000e+19
-1.21172e+05 1.24644e+03 3.05248e+02 2.96747e+04 1.00000e+19
-2.30825e+05 -9.44230e+04 -7.83211e+03 1.91463e+04 1.00000e+19
-1.07669e+04 -1.71750e+04 -6.14769e+04 3.85395e+04 1.00000e+19
4.03260e+05 1.55772e+05 5.66154e+03 -1.46565e+04 1.00000e+19
8.91623e+04 2.03506e+05 2.00742e+04 -8.79513e+03 1.00000e+19
-2.15783e+05 -3.11224e+05 -1.37953e+04 9.56482e+03 1.00000e+19
1.75447e+04 -1.22071e+04 -4.03570e+04 -5.80034e+04 1.00000e+19
4.13305e+05 -2.29343e+05 -7.29066e+03 -1.31387e+04 1.00000e+19
9.66708e+04 5.73812e+04 1.57267e+04 -2.64950e+04 1.00000e+19
1.10802e+05 9.02094e+04 1.72550e+04 -2.11939e+04 1.00000e+19
-8.77351e+03 -8.96535e+04 -3.42559e+04 3.35228e+03 1.00000e+19
-1.34144e+05 -1.92706e+05 -1.74975e+04 1.21801e+04 1.00000e+19
4.14304e+03 -3.00408e+04 -5.87665e+04 -8.10472e+03 1.00000e+19
3.73604e+05 2.67913e+05 8.87878e+03 -1.23815e+04 1.00000e+19
-7.84743e+04 -1.74827e+05 -2.15293e+04 9.66382e+03 1.00000e+19
3.86240e+03 -2.19806e+05 -2.20294e+04 -3.87096e+02 1.00000e+19
3.28924e+05 -3.12617e+05 -1.05648e+04 -1.11159e+04 1.00000e+19
1.35782e+05 2.39815e+05 1.71243e+04 -9.69568e+03 1.00000e+19
-1.70734e+05 3.24937e+05 1.50943e+04 7.93112e+03 1.00000e+19
-2.69679e+05 -2.37969e+05 -1.13973e+04 1.29161e+04 1.00000e+19
1.29908e+05 -2.77776e+04 -5.92651e+03 -2.77168e+04 1.00000e+19
5.59218e+04 -7.93920e+04 -2.71022e+04 -1.90901e+04 1.00000e+19
1.03969e+05 4.10773e+04 1.13533e+04 -2.87359e+04 1.00000e+19
3.20294e+04 -9.39160e+04 -3.10395e+04 -1.05858e+04 1.00000e+19
5.67267e+04 -4.44061e+04 -2.37247e+04 -3.03072e+04 1.00000e+19
-2.59571e+05 3.56470e+05 1.25760e+04 9.15748e+03 1.00000e+19
1.29396e+05 3.36432e+05 1.60597e+04 -6.17676e+03 1.00000e+19
1.11661e+05 -1.39306e+05 -1.90771e+04 -1.52912e+04 1.00000e+19
1.40080e+05 2.66927e+05 1.66606e+04 -8.74329e+03 1.00000e+19
3.14227e+05 2.45150e+05 1.00656e+04 -1.29019e+04 1.00000e+19
-4.09665e+05 7.12203e+04 2.74400e+03 1.57837e+04 1.00000e+19
2.31514e+05 1.07219e+05 8.59477e+03 -1.85584e+04 1.00000e+19
4.38658e+04 -1.65775e+03 -1.86204e+03 -4.92714e+04 1.00000e+19
1.09656e+05 1.82173e+05 1.91942e+04 -1.15536e+04 1.00000e+19
-1.72584e+05 1.83104e+05 1.49867e+04 1.41256e+04 1.00000e+19
1.62400e+05 -3.02833e+05 -1.55307e+04 -8.32859e+03 1.00000e+19
1.42352e+05 -1.08397e+05 -1.47957e+04 -1.94304e+04 1.00000e+19
-5.99066e+03 -5.55148e+04 -4.34658e+04 4.69044e+03 1.00000e+19
-1.24547e+05 -2.62932e+05 -1.73087e+04 8.19887e+03 1.00000e+19
-4.44747e+05 6.61605e+04 2.26685e+03 1.52383e+04 1.00000e+19
-7.57958e+04 3.93212e+05 1.60297e+04 3.08991e+03 1.00000e+19
-6.14223e+04 6.59309e+04 2.51803e+04 2.34584e+04 1.00000e+19
-1.06680e+05 3.21981e+05 1.68376e+04 5.57872e+03 1.00000e+19
9.43744e+04 -4.52443e+05 -1.48754e+04 -3.10284e+03 1.00000e+19
2.59933e+04 1.35776e+05 2.72890e+04 -5.22427e+03 1.00000e+19
-3.18642e+05 -2.11959e+05 -9.24882e+03 1.39040e+04 1.00000e+19
-4.37136e+04 4.13586e+05 1.59302e+04 1.68373e+03 1.00000e+19
-1.15594e+05 3.72024e+04 9.08215e+03 2.82197e+04 1.00000e+19
-3.01153e+04 1.30164e+05 2.75354e+04 6.37070e+03 1.00000e+19
3.00906e+05 -1.03944e+05 -5.97804e+03 -1.73057e+04 1.00000e+19
-1.15496e+05 1.60753e+05 1.88572e+04 1.35483e+04 1.00000e+19
-1.15764e+05 3.99891e+05 1.53794e+04 4.45215e+03 1.00000e+19
-1.31788e+05 2.22874e+05 1.74754e+04 1.03334e+04 1.00000e+19
9.68670e+03 -1.03175e+05 -3.19505e+04 -2.99971e+03 1.00000e+19
2.64837e+04 -4.81009e+04 -3.86191e+04 -2.12631e+04 1.00000e+19
3.15268e+05 -2.62129e+04 -1.52186e+03 -1.83037e+04 1.00000e+19
-1.64520e+05 3.39037e+04 5.08739e+03 2.46869e+04 1.00000e+19
2.01322e+05 4.08697e+05 1.37297e+04 -6.76316e+03 1.00000e+19
-1.61429e+04 1.51801e+05 2.62920e+04 2.79595e+03 1.00000e+19
-3.61445e+05 -1.68568e+04 -8.00069e+02 1.71551e+04 1.00000e+19
-1.59872e+04 -1.52986e+04 -4.80140e+04 5.01753e+04 1.00000e+19
3.53020e+05 3.09263e+05 9.93662e+03 -1.13426e+04 1.00000e+19
-1.86460e+05 3.18642e+05 1.46742e+04 8.58692e+03 1.00000e+19
-4.12486e+04 -1.52623e+05 -2.50813e+04 6.77859e+03 1.00000e+19
-7.48016e+04 1.42912e+03 7.21450e+02 3.77614e+04 1.00000e+19
-2.01268e+05 3.44470e+05 1.41215e+04 8.25096e+03 1.00000e+19
8.94464e+04 4.62750e+04 1.49581e+04 -2.89129e+04 1.00000e+19
-8.43646e+04 -7.88952e+04 -2.07616e+04 2.22009e+04 1.00000e+19
6.77560e+04 -3.73899e+05 -1.64900e+04 -2.98823e+03 1.00000e+19
-1.01664e+04 -1.22759e+05 -2.93339e+04 2.42931e+03 1.00000e+19
2.80760e+05 3.70855e+05 1.20766e+04 -9.14273e+03 1.00000e+19
-3.29022e+05 2.15989e+05 9.03654e+03 1.37656e+04 1.00000e+19
7.21661e+04 -9.12871e+04 -2.37568e+04 -1.87807e+04 1.00000e+19
-2.66253e+05 9.87488e+03 7.41763e+02 1.99999e+04 1.00000e+19
1.27488e+05 -1.22330e+05 -1.70158e+04 -1.77333e+04 1.00000e+19
4.47069e+04 3.87109e+04 2.78075e+04 -3.21147e+04 1.00000e+19
-3.94367e+05 -1.56641e+04 -6.52624e+02 1.64308e+04 1.00000e+19
1.00687e+04 -2.94113e+05 -1.90320e+04 -6.51541e+02 1.00000e+19
1.15334e+03 1.33065e+05 2.83182e+04 -2.45448e+02 1.00000e+19
-5.16056e+04 -2.96305e+04 -2.10867e+04 3.67254e+04 1.00000e+19
3.58630e+04 3.41388e+05 1.75357e+04 -1.84214e+03 1.00000e+19
3.05015e+05 -8.84776e+04 -5.10691e+03 -1.76054e+04 1.00000e+19
1.55402e+05 9.97695e+04 1.29873e+04 -2.02292e+04 1.00000e+19
2.60723e+03 1.29449e+04 8.81295e+04 -1.77502e+04 1.00000e+19
2.51797e+03 3.56295e+04 5.45250e+04 -3.85334e+03 1.00000e+19
2.13849e+05 -1.70130e+04 -1.76884e+03 -2.22339e+04 1.00000e+19
3.85488e+04 3.58457e+04 3.06613e+04 -3.29735e+04 1.00000e+19
-2.15401e+05 5.99407e+04 5.85706e+03 2.10477e+04 1.00000e+19
6.37435e+04 2.85364e+05 1.86450e+04 -4.16486e+03 1.00000e+19
2.68539e+04 -2.01828e+05 -2.26943e+04 -3.01955e+03 1.00000e+19
-3.12171e+05 -2.49478e+05 -1.02023e+04 1.27661e+04 1.00000e+19
7.59768e+04 6.55494e+04 2.13032e+04 -2.46921e+04 1.00000e+19
-3.45068e+05 1.70806e+05 7.38564e+03 1.49207e+04 1.00000e+19
2.37965e+04 -4.34754e+03 -1.19372e+04 -6.53389e+04 1.00000e+19
5.29846e+04 -1.66555e+05 -2.35475e+04 -7.49094e+03 1.00000e+19
3.72548e+05 -3.23126e+04 -1.45976e+03 -1.68303e+04 1.00000e+19
1.03351e+05 -4.56182e+05 -1.47316e+04 -3.33754e+03 1.00000e+19
1.19349e+05 -8.77622e+04 -1.59004e+04 -2.16232e+04 1.00000e+19
-1.42786e+05 1.25817e+05 1.56556e+04 1.77672e+04 1.00000e+19
-3.48092e+04 3.76659e+04 3.35008e+04 3.09600e+04 1.00000e+19
4.68255e+04 -4.82088e+04 -2.85846e+04 -2.77644e+04 1.00000e+19
3.19354e+04 -3.93356e+04 -3.56302e+04 -2.89272e+04 1.00000e+19
-2.10418e+05 -2.14403e+05 -1.34520e+04 1.32020e+04 1.00000e+19
-2.97281e+05 3.56541e+05 1.16453e+04 9.70975e+03 1.00000e+19
1.18559e+05 1.14376e+05 1.76715e+04 -1.83178e+04 1.00000e+19
-3.72257e+04 9.64764e+03 1.32162e+04 5.09950e+04 1.00000e+19
3.63427e+05 -9.84624e+04 -4.40247e+03 -1.62496e+04 1.00000e+19
1.95301e+04 1.96539e+04 4.40228e+04 -4.37456e+04 1.00000e+19
-3.30599e+05 -2.89681e+05 -1.02688e+04 1.17193e+04 1.00000e+19
-3.76954e+03 -6.66515e+03 -1.02760e+05 5.81167e+04 1.00000e+19
1.47698e+05 2.07286e+05 1.66764e+04 -1.18824e+04 1.00000e+19
-3.35755e+05 2.62582e+04 1.38793e+03 1.77470e+04 1.00000e+19
1.34116e+05 3.64701e+05 1.55539e+04 -5.71986e+03 1.00000e+19
-3.44135e+05 -2.85815e+05 -9.86828e+03 1.18819e+04 1.00000e+19
-6.83232e+04 6.84484e+04 2.35106e+04 2.34676e+04 1.00000e+19
-3.59395e+05 -2.83678e+04 -1.35384e+03 1.71520e+04 1.00000e+19
2.50042e+05 -2.93211e+05 -1.26626e+04 -1.07983e+04 1.00000e+19
-2.00429e+05 1.38209e+05 1.18854e+04 1.72361e+04 1.00000e+19
-5.90412e+04 -3.60377e+05 -1.68701e+04 2.76385e+03 1.00000e+19
7.01942e+04 -1.46457e+04 -7.87957e+03 -3.77653e+04 1.00000e+19
-1.49644e+05 -2.34366e+05 -1.65118e+04 1.05429e+04 1.00000e+19
-1.43315e+05 -2.99443e+04 -5.52183e+03 2.64277e+04 1.00000e+19
2.27750e+05 9.76773e+04 8.17962e+03 -1.90720e+04 1.00000e+19
1.43225e+05 -4.16089e+05 -1.47251e+04 -5.06863e+03 1.00000e+19
-3.38223e+05 3.28604e+04 1.71369e+03 1.76385e+04 1.00000e+19
-6.99396e+04 -1.62805e+04 -8.74015e+03 3.75468e+04 1.00000e+19
-7.40953e+03 1.18574e+05 2.99129e+04 1.86922e+03 1.00000e+19
7.42190e+04 2.66554e+04 1.24342e+04 -3.46218e+04 1.00000e+19
-3.86721e+04 -1.73653e+04 -2.05532e+04 4.57714e+04 1.00000e+19
2.74029e+05 5.78361e+04 4.03116e+03 -1.90998e+04 1.00000e+19
1.18270e+04 1.18377e+04 5.64951e+04 -5.64441e+04 1.00000e+19
1.07737e+05 -2.86125e+05 -1.74847e+04 -6.58367e+03 1.00000e+19
-1.69393e+05 -4.91989e+04 -6.86050e+03 2.36209e+04 1.00000e+19
-2.49416e+04 3.59320e+04 4.05775e+04 2.81662e+04 1.00000e+19
-1.83810e+05 -3.90260e+05 -1.42294e+04 6.70195e+03 1.00000e+19
1.70973e+05 1.44243e+05 1.40846e+04 -1.66946e+04 1.00000e+19
-1.47155e+05 1.91414e+05 1.66679e+04 1.28139e+04 1.00000e+19
-9.81951e+03 3.00756e+05 1.88221e+04 6.14532e+02 1.00000e+19
-4.42078e+05 -1.15402e+05 -3.86027e+03 1.47877e+04 1.00000e+19
4.41066e+05 2.22138e+04 7.81926e+02 -1.55255e+04 1.00000e+19
-1.36870e+05 1.11755e+05 1.55431e+04 1.90362e+04 1.00000e+19
-2.37352e+05 -2.65375e+05 -1.29047e+04 1.15419e+04 1.00000e+19
-3.07376e+05 -5.35569e+04 -3.17463e+03 1.82199e+04 1.00000e+19
1.10934e+05 3.10100e+04 8.19448e+03 -2.93146e+04 1.00000e+19
-6.56873e+03 -8.91525e+03 -7.90331e+04 5.82314e+04 1.00000e+19
9.27701e+04 4.46873e+03 1.63095e+03 -3.38582e+04 1.00000e+19
9.27633e+04 -1.88830e+05 -2.02149e+04 -9.93065e+03 1.00000e+19
1.29418e+04 -6.27995e+03 -3.76022e+04 -7.74913e+04 1.00000e+19
3.10953e+04 -1.13562e+05 -2.90374e+04 -7.95099e+03 1.00000e+19
-8.36199e+04 3.52924e+05 1.66914e+04 3.95477e+03 1.00000e+19
-2.84621e+04 4.52415e+05 1.53133e+04 9.63380e+02 1.00000e+19
4.20802e+04 3.16728e+05 1.81168e+04 -2.40698e+03 1.00000e+19
-1.00620e+05 1.05651e+05 1.95847e+04 1.86522e+04 1.00000e+19
1.32390e+03 4.44191e+03 1.45418e+05 -4.33414e+04 1.00000e+19
-1.47745e+05 -7.84317e+04 -1.18434e+04 2.23099e+04 1.00000e+19
2.24886e+04 4.11602e+05 1.60662e+04 -8.77805e+02 1.00000e+19
-1.61935e+04 -1.75488e+04 -4.91310e+04 4.53366e+04 1.00000e+19
7.34160e+04 3.64667e+05 1.66048e+04 -3.34293e+03 1.00000e+19
-5.47165e+04 -2.62581e+05 -1.95275e+04 4.06912e+03 1.00000e+19
-5.33922e+03 2.31090e+03 5.37971e+04 1.24295e+05 1.00000e+19
-2.61549e+05 -2.98706e+05 -1.23348e+04 1.08004e+04 1.00000e+19
3.87038e+05 -2.27373e+05 -7.81018e+03 -1.32946e+04 1.00000e+19
-2.70479e+05 -7.72676e+02 -5.67436e+01 1.98634e+04 1.00000e+19
9.60871e+04 8.93078e+04 1.94179e+04 -2.08919e+04 1.00000e+19
-2.85957e+05 -3.53916e+05 -1.19125e+04 9.62503e+03 1.00000e+19
1.53089e+05 2.45718e+05 1.62957e+04 -1.01527e+04 1.00000e+19
-4.08875e+04 4.32694e+05 1.56004e+04 1.47417e+03 1.00000e+19
4.61961e+04 2.43391e+05 2.03912e+04 -3.87030e+03 1.00000e+19
1.99977e+05 -5.84145e+04 -6.34604e+03 -2.17251e+04 1.00000e+19
-3.47335e+05 -8.62307e+04 -4.16083e+03 1.67597e+04 1.00000e+19
-1.47153e+04 5.27902e+04 4.25081e+04 1.18492e+04 1.00000e+19
-6.72776e+04 1.51184e+05 2.32017e+04 1.03248e+04 1.00000e+19
-6.04843e+04 -1.93231e+05 -2.19098e+04 6.85812e+03 1.00000e+19
3.60263e+04 -6.44530e+04 -3.31852e+04 -1.85490e+04 1.00000e+19
2.30187e+05 2.00614e+05 1.22832e+04 -1.40938e+04 1.00000e+19
-2.08681e+05 3.94206e+05 1.36708e+04 7.23692e+03 1.00000e+19
1.21546e+04 2.89414e+05 1.91774e+04 -8.05397e+02 1.00000e+19
-3.63544e+05 -1.84723e+05 -7.32826e+03 1.44224e+04 1.00000e+19
3.17819e+05 2.13051e+04 1.22426e+03 -1.82630e+04 1.00000e+19
-2.72026e+05 7.03115e+03 5.11701e+02 1.97970e+04 1.00000e+19
6.55537e+04 1.27419e+05 2.42672e+04 -1.24848e+04 1.00000e+19
3.31447e+05 -1.09998e+05 -5.50622e+03 -1.65914e+04 1.00000e+19
-1.42786e+05 3.22860e+05 1.59012e+04 7.03238e+03 1.00000e+19
-3.73613e+05 -1.61331e+05 -6.41975e+03 1.48669e+04 1.00000e+19
4.35228e+04 4.21745e+04 2.92021e+04 -3.01357e+04 1.00000e+19
-3.65512e+05 -5.28240e+04 -2.43147e+03 1.68244e+04 1.00000e+19
-7.33072e+03 1.33101e+04 7.34072e+04 4.04299e+04 1.00000e+19
-1.52579e+04 6.16837e+04 3.97827e+04 9.84052e+03 1.00000e+19
7.77634e+04 -2.32320e+05 -1.97920e+04 -6.62486e+03 1.00000e+19
-6.92311e+04 -7.32650e+04 -2.36498e+04 2.23476e+04 1.00000e+19
3.91225e+05 -1.69530e+05 -6.29040e+03 -1.45164e+04 1.00000e+19
-1.25169e+05 -2.41202e+05 -1.75898e+04 9.12798e+03 1.00000e+19
1.85633e+05 3.06064e+04 3.87449e+03 -2.34995e+04 1.00000e+19
-2.12507e+05 1.84131e+05 1.27576e+04 1.47236e+04 1.00000e+19
3.78540e+03 4.26882e+05 1.58104e+04 -1.40200e+02 1.00000e+19
-3.57490e+05 -2.47269e+05 -8.91349e+03 1.28867e+04 1.00000e+19
-2.20843e+05 -2.89083e+05 -1.36105e+04 1.03977e+04 1.00000e+19
-1.37844e+05 -1.48881e+05 -1.68288e+04 1.55813e+04 1.00000e+19
1.58191e+05 -1.27602e+05 -1.43868e+04 -1.78357e+04 1.00000e+19
-1.65355e+05 -3.92405e+05 -1.45887e+04 6.14749e+03 1.00000e+19
-3.83780e+04 -3.03023e+04 -2.89501e+04 3.66655e+04 1.00000e+19
-1.84430e+03 6.62304e+03 1.20024e+05 3.34227e+04 1.00000e+19
-8.46665e+04 -2.88638e+05 -1.80743e+04 5.30174e+03 1.00000e+19
-2.46278e+05 -2.59642e+05 -1.25291e+04 1.18842e+04 1.00000e+19
-2.91345e+05 -1.80015e+05 -9.27886e+03 1.50173e+04 1.00000e+19
2.41569e+05 -4.57241e+04 -3.87473e+03 -2.04709e+04 1.00000e+19
1.84733e+05 -1.10333e+04 -1.43170e+03 -2.39713e+04 1.00000e+19
-2.74064e+04 2.03319e+05 2.26031e+04 3.04680e+03 1.00000e+19
2.66653e+05 -1.01518e+05 -6.88113e+03 -1.80743e+04 1.00000e+19
-3.34592e+04 -2.46914e+05 -2.05080e+04 2.77903e+03 1.00000e+19
-1.11636e+05 -1.13465e+05 -1.84574e+04 1.81598e+04 1.00000e+19
6.58421e+04 1.47250e+05 2.34815e+04 -1.04996e+04 1.00000e+19
7.91973e+04 -8.68280e+04 -2.22642e+04 -2.03075e+04 1.00000e+19
-2.00602e+05 1.49109e+05 1.23267e+04 1.65837e+04 1.00000e+19
-1.19875e+05 -1.03252e+05 -1.69498e+04 1.96785e+04 1.00000e+19
-3.35033e+05 -1.48129e+05 -6.90198e+03 1.56107e+04 1.00000e+19
2.74637e+05 8.10601e+04 5.46492e+03 -1.85155e+04 1.00000e+19
4.11135e+04 -3.80313e+04 -2.96421e+04 -3.20445e+04 1.00000e+19
3.40034e+05 -2.30188e+05 -9.03741e+03 -1.33501e+04 1.00000e+19
-9.88587e+04 -1.44786e+05 -2.03758e+04 1.39124e+04 1.00000e+19
2.96062e+04 6.55845e+04 3.51004e+04 -1.58450e+04 1.00000e+19
1.98270e+04 4.07303e+05 1.61582e+04 -7.86562e+02 1.00000e+19
-7.29212e+04 -5.04410e+04 -1.97363e+04 2.85322e+04 1.00000e+19
9.66762e+04 6.27846e+02 2.15766e+02 -3.32238e+04 1.00000e+19
1.35631e+05 2.55279e+05 1.69678e+04 -9.01513e+03 1.00000e+19
-3.27807e+04 -2.48442e+04 -3.07669e+04 4.05955e+04 1.00000e+19
3.45469e+04 -1.15801e+05 -2.84771e+04 -8.49557e+03 1.00000e+19
-5.20757e+04 1.78704e+05 2.29883e+04 6.69898e+03 1.00000e+19
2.26631e+05 -3.90439e+05 -1.32974e+04 -7.71849e+03 1.00000e+19
2.93608e+04 2.38409e+04 3.34843e+04 -4.12371e+04 1.00000e+19
7.03632e+04 -3.68910e+05 -1.65586e+04 -3.15827e+03 1.00000e+19
-1.19799e+05 -9.56752e+04 -1.64644e+04 2.06157e+04 1.00000e+19
-2.68083e+05 1.27597e+05 8.14796e+03 1.71189e+04 1.00000e+19
-2.02884e+05 2.18552e+04 2.44934e+03 2.27374e+04 1.00000e+19
2.39983e+04 4.62969e+05 1.51521e+04 -7.85419e+02 1.00000e+19
1.20633e+05 3.88237e+05 1.54723e+04 -4.80756e+03 1.00000e+19
-7.10443e+04 3.70746e+04 1.68833e+04 3.23526e+04 1.00000e+19
2.30465e+05 -7.51203e+04 -6.50256e+03 -1.99495e+04 1.00000e+19
-2.87599e+04 -2.79615e+05 -1.93827e+04 1.99361e+03 1.00000e+19
-2.81843e+04 6.30693e+04 3.58847e+04 1.60361e+04 1.00000e+19
1.19160e+05 2.83688e+05 1.71703e+04 -7.21220e+03 1.00000e+19
-1.50909e+05 -2.97528e+04 -5.09516e+03 2.58431e+04 1.00000e+19
-2.24985e+05 -2.23554e+05 -1.29293e+04 1.30120e+04 1.00000e+19
-3.96076e+05 -1.27152e+05 -4.89586e+03 1.52505e+04 1.00000e+19
-2.30144e+05 -1.74347e+05 -1.16093e+04 1.53247e+04 1.00000e+19
1.00796e+05 -2.78393e+03 -8.98189e+02 -3.25202e+04 1.00000e+19
2.45963e+05 3.75990e+05 1.28974e+04 -8.43713e+03 1.00000e+19
-4.15084e+02 -6.83423e+04 -3.95154e+04 2.40001e+02 1.00000e+19
4.65648e+04 -1.90815e+05 -2.26451e+04 -5.52611e+03 1.00000e+19
8.03568e+04 -1.01918e+04 -4.56712e+03 -3.60092e+04 1.00000e+19
-3.04516e+05 1.13806e+05 6.34292e+03 1.69720e+04 1.00000e+19
-8.49809e+04 -3.13168e+04 -1.18697e+04 3.22095e+04 1.00000e+19
-7.05085e+04 7.27127e+04 2.33033e+04 2.25969e+04 1.00000e+19
3.36782e+05 9.91109e+04 4.92229e+03 -1.67261e+04 1.00000e+19
-2.81519e+05 7.04107e+04 4.65303e+03 1.86040e+04 1.00000e+19
3.59314e+05 -3.39471e+04 -1.61741e+03 -1.71195e+04 1.00000e+19
4.01576e+05 1.66456e+05 5.99964e+03 -1.44742e+04 1.00000e+19
-1.14573e+05 -3.30342e+05 -1.65060e+04 5.72481e+03 1.00000e+19
-4.16477e+04 2.45225e+04 2.38423e+04 4.04926e+04 1.00000e+19
-1.38759e+05 -3.69326e+05 -1.53960e+04 5.78443e+03 1.00000e+19
-3.77564e+05 1.80039e+05 6.87495e+03 1.44176e+04 1.00000e+19
-9.33026e+04 -9.52465e+04 -2.02103e+04 1.97978e+04 1.00000e+19
3.97390e+05 3.31602e+04 1.36036e+03 -1.63025e+04 1.00000e+19
2.04008e+05 -3.62124e+05 -1.39608e+04 -7.86504e+03 1.00000e+19
6.50733e+04 7.59900e+04 2.48077e+04 -2.12438e+04 1.00000e+19
-1.05128e+05 -4.04940e+05 -1.54590e+04 4.01337e+03 1.00000e+19
-2.70482e+05 -1.10618e+04 -8.11329e+02 1.98385e+04 1.00000e+19
-8.84407e+03 -8.99051e+03 -6.55788e+04 6.45106e+04 1.00000e+19
3.66768e+05 1.70448e+05 6.84596e+03 -1.47311e+04 1.00000e+19
-2.75492e+05 -2.29066e+04 -1.62808e+03 1.95805e+04 1.00000e+19
-2.78555e+05 -1.41362e+05 -8.36467e+03 1.64826e+04 1.00000e+19
3.06829e+05 1.51437e+05 7.81629e+03 -1.58367e+04 1.00000e+19
4.28636e+05 1.42816e+05 4.85823e+03 -1.45811e+04 1.00000e+19
-9.35559e+04 1.36284e+05 2.09476e+04 1.43800e+04 1.00000e+19
-2.14467e+05 1.91989e+05 1.28427e+04 1.43463e+04 1.00000e+19
-2.94139e+05 2.03774e+05 9.83465e+03 1.41959e+04 1.00000e+19
2.22972e+04 2.65155e+04 4.24789e+04 -3.57209e+04 1.00000e+19
9.15409e+04 7.61171e+04 1.91424e+04 -2.30213e+04 1.00000e+19
-2.89362e+05 2.08913e+05 1.01222e+04 1.40201e+04 1.00000e+19
8.96246e+04 3.49090e+05 1.66672e+04 -4.27909e+03 1.00000e+19
-5.89713e+04 -1.05480e+05 -2.59386e+04 1.45017e+04 1.00000e+19
-6.91443e+04 6.26210e+03 3.53629e+03 3.90467e+04 1.00000e+19
9.97821e+04 -3.34731e+05 -1.67512e+04 -4.99346e+03 1.00000e+19
-1.89141e+05 1.94394e+05 1.42171e+04 1.38329e+04 1.00000e+19
-4.66345e+04 -1.06058e+04 -1.04757e+04 4.60621e+04 1.00000e+19
1.21469e+05 3.81648e+05 1.55547e+04 -4.95066e+03 1.00000e+19
-2.48290e+05 -3.25106e+04 -2.68023e+03 2.04695e+04 1.00000e+19
4.92209e+03 1.22152e+04 8.34960e+04 -3.36446e+04 1.00000e+19
-9.76352e+04 7.49823e+04 1.79335e+04 2.33514e+04 1.00000e+19
-1.03727e+04 5.05192e+03 4.21123e+04 8.64659e+04 1.00000e+19
-2.20131e+04 2.06622e+04 4.06894e+04 4.33497e+04 1.00000e+19
-2.38245e+04 3.58054e+04 4.14722e+04 2.75952e+04 1.00000e+19
1.42169e+03 -1.78442e+04 -7.69687e+04 -6.13227e+03 1.00000e+19
-1.50257e+05 -5.42991e+04 -8.78385e+03 2.43067e+04 1.00000e+19
-1.22629e+05 -3.56063e+05 -1.59166e+04 5.48172e+03 1.00000e+19
-1.44821e+05 -1.32684e+05 -1.57466e+04 1.71870e+04 1.00000e+19
4.70625e+03 1.27976e+04 8.30318e+04 -3.05345e+04 1.00000e+19
1.64663e+05 -1.78248e+05 -1.54041e+04 -1.42301e+04 1.00000e+19
-2.61669e+05 2.12629e+05 1.12196e+04 1.38073e+04 1.00000e+19
-3.26987e+05 3.27421e+04 1.79549e+03 1.79312e+04 1.00000e+19
4.45813e+05 8.86008e+04 2.98686e+03 -1.50290e+04 1.00000e+19
1.45784e+05 -1.00034e+05 -1.39005e+04 -2.02578e+04 1.00000e+19
-2.71399e+05 -9.79737e+04 -6.53010e+03 1.80892e+04 1.00000e+19
1.99515e+05 -3.61998e+04 -4.09558e+03 -2.25728e+04 1.00000e+19
-6.47954e+04 4.80383e+04 2.16630e+04 2.92197e+04 1.00000e+19
-2.62003e+04 9.29845e+02 2.26289e+03 6.37616e+04 1.00000e+19
2.11082e+05 -2.46732e+05 -1.37758e+04 -1.17854e+04 1.00000e+19
-4.38431e+05 1.14987e+05 3.89272e+03 1.48424e+04 1.00000e+19
-1.57940e+05 9.26368e+04 1.22142e+04 2.08244e+04 1.00000e+19
7.09901e+04 -4.16139e+05 -1.56733e+04 -2.67374e+03 1.00000e+19
-2.75206e+05 2.25018e+05 1.09674e+04 1.34136e+04 1.00000e+19
-8.67996e+04 4.11638e+05 1.55846e+04 3.28623e+03 1.00000e+19
1.81381e+05 -3.06461e+05 -1.48975e+04 -8.81720e+03 1.00000e+19
-1.31279e+05 -3.13023e+05 -1.63516e+04 6.85772e+03 1.00000e+19
-1.11110e+05 -2.61058e+05 -1.78454e+04 7.59526e+03 1.00000e+19
-4.11676e+04 1.18319e+05 2.75660e+04 9.59121e+03 1.00000e+19
-1.11549e+05 -4.26914e+04 -1.06842e+04 2.79169e+04 1.00000e+19
-8.34868e+04 -2.51422e+05 -1.90481e+04 6.32508e+03 1.00000e+19
9.31131e+04 1.38389e+05 2.09864e+04 -1.41204e+04 1.00000e+19
2.18970e+04 -4.12931e+04 -4.22155e+04 -2.23861e+04 1.00000e+19
-3.51273e+04 -4.61831e+05 -1.51357e+04 1.15123e+03 1.00000e+19
2.55653e+05 -3.88022e+05 -1.26549e+04 -8.33787e+03 1.00000e+19
2.78036e+05 2.68805e+05 1.15464e+04 -1.19430e+04 1.00000e+19
-6.35429e+04 -1.39480e+04 -8.68370e+03 3.95605e+04 1.00000e+19
-3.85549e+05 1.94355e+05 7.07697e+03 1.40388e+04 1.00000e+19
-1.12285e+04 2.56673e+05 2.03615e+04 8.90739e+02 1.00000e+19
5.92188e+04 5.21491e+04 2.43048e+04 -2.75998e+04 1.00000e+19
-1.12792e+05 4.39392e+05 1.48563e+04 3.81360e+03 1.00000e+19
6.29962e+04 -1.25132e+04 -7.94174e+03 -3.99817e+04 1.00000e+19
2.02479e+04 -5.53421e+04 -3.99646e+04 -1.46218e+04 1.00000e+19
2.00104e+04 2.28242e+05 2.14996e+04 -1.88491e+03 1.00000e+19
3.66602e+05 1.13112e+04 5.26053e+02 -1.70496e+04 1.00000e+19
-2.34066e+05 -2.08402e+05 -1.22710e+04 1.37821e+04 1.00000e+19
-5.26727e+04 -8.05328e+03 -6.76381e+03 4.42388e+04 1.00000e+19
-1.90379e+05 -4.24879e+05 -1.38164e+04 6.19083e+03 1.00000e+19
2.30871e+05 -1.20485e+05 -9.36585e+03 -1.79467e+04 1.00000e+19
1.42120e+05 3.32720e+04 6.16365e+03 -2.63278e+04 1.00000e+19
2.69515e+05 -1.65451e+05 -9.61061e+03 -1.56555e+04 1.00000e+19
1.57749e+04 -4.48747e+05 -1.54071e+04 -5.41609e+02 1.00000e+19
1.40415e+05 -7.69313e+03 -1.50706e+03 -2.75068e+04 1.00000e+19
-2.85390e+04 -1.26500e+05 -2.79838e+04 6.31328e+03 1.00000e+19
-1.61769e+05 2.21399e+05 1.59291e+04 1.16389e+04 1.00000e+19
2.99755e+05 -1.30800e+05 -7.22453e+03 -1.65565e+04 1.00000e+19
1.05800e+05 2.97005e+05 1.73312e+04 -6.17380e+03 1.00000e+19
-1.52041e+05 8.61968e+04 1.21870e+04 2.14963e+04 1.00000e+19
1.18870e+05 1.63756e+05 1.85849e+04 -1.34907e+04 1.00000e+19
2.56055e+04 -3.11877e+04 -3.97469e+04 -3.26326e+04 1.00000e+19
9.00718e+04 1.23954e+04 4.67076e+03 -3.39405e+04 1.00000e+19
7.34437e+03 2.56188e+04 6.08300e+04 -1.74387e+04 1.00000e+19
3.00058e+04 2.88624e+03 5.69701e+03 -5.92271e+04 1.00000e+19
-5.72352e+04 2.17087e+05 2.10822e+04 5.55835e+03 1.00000e+19
-3.36536e+05 1.77870e+05 7.82415e+03 1.48036e+04 1.00000e+19
-1.50959e+05 -3.11645e+05 -1.57993e+04 7.65310e+03 1.00000e+19
2.68044e+05 -1.25867e+05 -8.06905e+03 -1.71837e+04 1.00000e+19
-1.05740e+03 8.92969e+02 1.79164e+05 2.12155e+05 1.00000e+19
2.11076e+05 -7.98462e+04 -7.69408e+03 -2.03395e+04 1.00000e+19
-3.96170e+05 1.93638e+05 6.83147e+03 1.39767e+04 1.00000e+19
-1.06708e+04 -2.79978e+05 -1.95024e+04 7.43293e+02 1.00000e+19
2.34969e+05 -2.11983e+05 -1.23011e+04 -1.36350e+04 1.00000e+19
4.28024e+04 -3.42642e+04 -2.75716e+04 -3.44422e+04 1.00000e+19
1.40093e+05 -1.10268e+05 -1.51323e+04 -1.92252e+04 1.00000e+19
2.80211e+05 -4.84754e+04 -3.30225e+03 -1.90886e+04 1.00000e+19
3.09842e+05 -3.21597e+04 -1.91088e+03 -1.84104e+04 1.00000e+19
-5.15169e+03 -2.86051e+04 -5.96354e+04 1.07402e+04 1.00000e+19
1.50114e+04 9.02156e+03 4.02104e+04 -6.69077e+04 1.00000e+19
-1.35168e+04 -8.23959e+03 -4.27366e+04 7.01081e+04 1.00000e+19
3.01158e+05 1.88851e+05 9.20518e+03 -1.46794e+04 1.00000e+19
3.78488e+05 -5.81496e+04 -2.53508e+03 -1.65005e+04 1.00000e+19
2.16223e+05 -2.16133e+05 -1.32085e+04 -1.32140e+04 1.00000e+19
9.58019e+04 -2.62451e+05 -1.83593e+04 -6.70166e+03 1.00000e+19
-2.39095e+05 -3.27580e+05 -1.31028e+04 9.56354e+03 1.00000e+19
-3.86932e+05 1.81664e+04 7.78436e+02 1.65802e+04 1.00000e+19
6.09643e+04 -1.46151e+05 -2.39592e+04 -9.99417e+03 1.00000e+19
8.76967e+04 1.45591e+05 2.14647e+04 -1.29293e+04 1.00000e+19
-4.05746e+03 -4.62714e+05 -1.51859e+04 1.33163e+02 1.00000e+19
-3.93126e+04 -2.41228e+05 -2.06239e+04 3.36105e+03 1.00000e+19
-5.45165e+04 -1.35565e+05 -2.50740e+04 1.00833e+04 1.00000e+19
-3.34077e+04 3.28050e+04 3.34500e+04 3.40646e+04 1.00000e+19
2.37452e+03 7.12335e+04 3.86740e+04 -1.28917e+03 1.00000e+19
-2.06477e+05 3.53896e+05 1.39399e+04 8.13309e+03 1.00000e+19
-6.25447e+04 3.51784e+05 1.70156e+04 3.02526e+03 1.00000e+19
3.72340e+04 -3.49280e+05 -1.73323e+04 -1.84766e+03 1.00000e+19
-7.47405e+04 -2.56211e+04 -1.19178e+04 3.47661e+04 1.00000e+19
-5.01614e+04 1.29850e+04 1.13732e+04 4.39351e+04 1.00000e+19
1.85213e+05 -1.70875e+04 -2.20056e+03 -2.38521e+04 1.00000e+19
-2.79934e+04 1.61941e+05 2.51104e+04 4.34063e+03 1.00000e+19
-4.77098e+04 3.69966e+04 2.57640e+04 3.32246e+04 1.00000e+19
-6.47222e+04 2.51313e+05 1.96380e+04 5.05750e+03 1.00000e+19
-9.90604e+04 1.32943e+05 2.03444e+04 1.51593e+04 1.00000e+19
-2.33538e+05 4.02923e+05 1.30969e+04 7.59111e+03 1.00000e+19
4.53103e+04 3.69580e+04 2.70032e+04 -3.31058e+04 1.00000e+19
1.31284e+05 -1.84171e+05 -1.76881e+04 -1.26088e+04 1.00000e+19
-1.00679e+05 -9.41407e+04 -1.90045e+04 2.03244e+04 1.00000e+19
1.25057e+05 7.26327e+04 1.36432e+04 -2.34905e+04 1.00000e+19
-1.46985e+05 2.43855e+05 1.65810e+04 9.99430e+03 1.00000e+19
2.08987e+05 2.14427e+05 1.35199e+04 -1.31769e+04 1.00000e+19
1.91513e+05 -4.16590e+05 -1.38618e+04 -6.37248e+03 1.00000e+19
6.21612e+04 -3.61380e+05 -1.68129e+04 -2.89200e+03 1.00000e+19
4.07752e+04 9.22422e+04 2.97524e+04 -1.31519e+04 1.00000e+19
3.53775e+05 -7.47959e+04 -3.55359e+03 -1.68080e+04 1.00000e+19
2.61201e+05 1.45374e+05 9.18870e+03 -1.65098e+04 1.00000e+19
-1.33158e+05 3.57056e+05 1.56797e+04 5.84749e+03 1.00000e+19
3.85883e+04 8.25883e+04 3.09988e+04 -1.44838e+04 1.00000e+19
-4.69350e+04 8.61705e+04 2.89615e+04 1.57746e+04 1.00000e+19
2.89300e+05 3.46216e+05 1.18019e+04 -9.86171e+03 1.00000e+19
5.51348e+04 1.23261e+05 2.56627e+04 -1.14790e+04 1.00000e+19
-2.00180e+05 -1.84890e+05 -1.34272e+04 1.45377e+04 1.00000e+19
1.56517e+05 -2.09522e+05 -1.61836e+04 -1.20894e+04 1.00000e+19
4.09688e+04 1.95577e+05 2.26191e+04 -4.73817e+03 1.00000e+19
-1.08029e+05 2.94843e+04 8.12832e+03 2.97818e+04 1.00000e+19
2.94865e+05 2.37070e+05 1.05235e+04 -1.30891e+04 1.00000e+19
1.87511e+05 -3.22193e+05 -1.46235e+04 -8.51064e+03 1.00000e+19
1.77750e+04 -1.66260e+05 -2.51204e+04 -2.68564e+03 1.00000e+19
-1.89739e+05 2.05529e+05 1.43520e+04 1.32494e+04 1.00000e+19
-2.04657e+05 1.06642e+05 9.93735e+03 1.90707e+04 1.00000e+19
2.35739e+05 6.74301e+04 5.73738e+03 -2.00582e+04 1.00000e+19
3.95018e+04 -4.52953e+05 -1.52626e+04 -1.33104e+03 1.00000e+19
-2.31111e+04 -1.51539e+05 -2.60839e+04 3.97803e+03 1.00000e+19
2.23465e+05 -2.00441e+04 -1.94842e+03 -2.17224e+04 1.00000e+19
6.30404e+04 7.49676e+02 4.89240e+02 -4.11403e+04 1.00000e+19
-7.52321e+04 -5.77617e+03 -2.87901e+03 3.74979e+04 1.00000e+19
-6.91560e+04 1.91480e+05 2.15340e+04 7.77736e+03 1.00000e+19
-1.65398e+05 -4.83360e+04 -6.98081e+03 2.38872e+04 1.00000e+19
-1.10389e+04 -9.70796e+03 -5.62674e+04 6.39816e+04 1.00000e+19
4.32542e+03 8.04542e+03 9.52025e+04 -5.11833e+04 1.00000e+19
3.16795e+04 -2.28667e+05 -2.12975e+04 -2.95055e+03 1.00000e+19
7.36704e+04 -4.49182e+04 -1.83083e+04 -3.00275e+04 1.00000e+19
-6.00864e+04 1.09487e+05 2.56264e+04 1.40637e+04 1.00000e+19
-2.68637e+04 7.11169e+03 1.58593e+04 5.99069e+04 1.00000e+19
3.07341e+05 -2.12342e+05 -9.60764e+03 -1.39060e+04 1.00000e+19
1.64120e+05 -3.98176e+05 -1.45538e+04 -5.99875e+03 1.00000e+19
4.20206e+04 9.44031e+04 2.93597e+04 -1.30686e+04 1.00000e+19
3.53680e+04 3.72540e+05 1.68118e+04 -1.59607e+03 1.00000e+19
9.20378e+04 9.92418e+04 2.05885e+04 -1.90940e+04 1.00000e+19
1.72147e+05 4.22758e+05 1.41614e+04 -5.76651e+03 1.00000e+19
-7.30570e+04 5.42232e+04 2.04119e+04 2.75018e+04 1.00000e+19
8.88603e+04 -4.10929e+04 -1.38581e+04 -2.99671e+04 1.00000e+19
-1.99827e+05 -3.36075e+05 -1.42004e+04 8.44346e+03 1.00000e+19
-4.07506e+05 -1.45789e+05 -5.28954e+03 1.47852e+04 1.00000e+19
-4.13312e+05 2.14188e+05 6.96658e+03 1.34432e+04 1.00000e+19
5.40457e+04 7.93921e+03 6.42399e+03 -4.37309e+04 1.00000e+19
-2.32583e+04 -2.05290e+05 -2.25832e+04 2.55856e+03 1.00000e+19
1.20743e+05 4.53066e+05 1.45778e+04 -3.88503e+03 1.00000e+19
-3.77265e+05 -1.46950e+05 -5.89267e+03 1.51283e+04 1.00000e+19
2.46195e+05 1.75726e+04 1.48042e+03 -2.07409e+04 1.00000e+19
-1.09492e+05 -2.72332e+05 -1.76916e+04 7.11295e+03 1.00000e+19
-7.21490e+04 5.19454e+04 2.02438e+04 2.81175e+04 1.00000e+19
-2.13757e+05 -8.20015e+04 -7.73296e+03 2.01578e+04 1.00000e+19
-1.69473e+05 -1.40465e+05 -1.40511e+04 1.69528e+04 1.00000e+19
4.30401e+05 7.91379e+04 2.82401e+03 -1.53588e+04 1.00000e+19
7.20233e+02 -3.02812e+03 -1.80141e+05 -4.28461e+04 1.00000e+19
2.30098e+05 -2.76483e+05 -1.32395e+04 -1.10183e+04 1.00000e+19
3.65130e+05 2.97030e+05 9.50220e+03 -1.16808e+04 1.00000e+19
-1.14533e+05 -4.18848e+04 -1.01602e+04 2.77827e+04 1.00000e+19
-8.66634e+02 -6.81676e+04 -3.95623e+04 5.02967e+02 1.00000e+19
-1.39346e+05 2.24730e+05 1.70738e+04 1.05867e+04 1.00000e+19
7.73919e+04 6.06212e+04 2.03173e+04 -2.59380e+04 1.00000e+19
9.63333e+03 3.26832e+05 1.80584e+04 -5.32268e+02 1.00000e+19
-2.62601e+05 1.81884e+05 1.04072e+04 1.50258e+04 1.00000e+19
-9.45786e+04 -3.80180e+05 -1.60166e+04 3.98449e+03 1.00000e+19
2.18978e+05 1.16972e+05 9.76878e+03 -1.82877e+04 1.00000e+19
-3.29860e+05 -1.27837e+05 -6.27634e+03 1.61949e+04 1.00000e+19
-2.13128e+05 1.32309e+05 1.08786e+04 1.75237e+04 1.00000e+19
2.94311e+05 3.00001e+04 1.92605e+03 -1.88952e+04 1.00000e+19
-2.98705e+05 2.17578e+04 1.37135e+03 1.88269e+04 1.00000e+19
2.06070e+04 1.87877e+05 2.36206e+04 -2.59079e+03 1.00000e+19
1.06692e+05 -1.06186e+05 -1.87830e+04 -1.88725e+04 1.00000e+19
9.13973e+04 -4.42190e+05 -1.50554e+04 -3.11184e+03 1.00000e+19
-2.80182e+05 2.30273e+05 1.08919e+04 1.32526e+04 1.00000e+19
4.78554e+04 -1.19368e+05 -2.67382e+04 -1.07195e+04 1.00000e+19
3.56642e+05 -1.22853e+05 -5.47819e+03 -1.59031e+04 1.00000e+19
8.05876e+04 -2.33286e+05 -1.96544e+04 -6.78950e+03 1.00000e+19
-9.11035e+03 -1.19619e+05 -2.97399e+04 2.26503e+03 1.00000e+19
-3.49242e+05 1.34540e+05 6.07034e+03 1.57575e+04 1.00000e+19
2.47979e+05 -6.84623e+04 -5.42032e+03 -1.96331e+04 1.00000e+19
-2.17961e+05 -2.92284e+05 -1.37149e+04 1.02274e+04 1.00000e+19
1.45020e+05 -1.89821e+05 -1.67959e+04 -1.28318e+04 1.00000e+19
-3.29745e+04 -1.19885e+05 -2.82479e+04 7.76963e+03 1.00000e+19
1.70897e+05 2.36518e+05 1.55011e+04 -1.12004e+04 1.00000e+19
-1.54325e+05 3.52268e+05 1.52581e+04 6.68441e+03 1.00000e+19
4.91042e+04 -4.09335e+05 -1.59746e+04 -1.91632e+03 1.00000e+19
-5.57577e+04 -2.21725e+03 -1.73767e+03 4.36974e+04 1.00000e+19
-8.60984e+04 9.75893e+04 2.14736e+04 1.89452e+04 1.00000e+19
-2.81005e+04 -4.61826e+04 -3.79567e+04 2.30953e+04 1.00000e+19
-1.52793e+04 1.35729e+04 4.79912e+04 5.40248e+04 1.00000e+19
-1.68628e+04 3.86820e+05 1.65863e+04 7.23053e+02 1.00000e+19
2.26957e+03 1.95534e+04 7.31396e+04 -8.48931e+03 1.00000e+19
-2.44333e+04 -1.95569e+03 -5.26467e+03 6.57737e+04 1.00000e+19
-2.18190e+05 -3.75188e+05 -1.35553e+04 7.88305e+03 1.00000e+19
7.00671e+04 -2.60819e+04 -1.31802e+04 -3.54077e+04 1.00000e+19
-4.49569e+04 -3.13671e+05 -1.81661e+04 2.60367e+03 1.00000e+19
-2.91930e+05 -1.61796e+05 -8.66810e+03 1.56399e+04 1.00000e+19
-2.58309e+04 4.73321e+04 3.90509e+04 2.13116e+04 1.00000e+19
6.25609e+04 -4.42994e+05 -1.52930e+04 -2.15972e+03 1.00000e+19
1.91856e+05 3.32578e+05 1.44413e+04 -8.33084e+03 1.00000e+19
-1.74349e+05 -1.57171e+05 -1.42768e+04 1.58371e+04 1.00000e+19
-5.14158e+04 -2.58580e+05 -1.97331e+04 3.92372e+03 1.00000e+19
-1.44384e+05 3.57497e+04 6.43778e+03 2.60006e+04 1.00000e+19
2.00088e+05 -5.10240e+04 -5.61752e+03 -2.20288e+04 1.00000e+19
-2.10310e+05 1.39016e+05 1.13455e+04 1.71639e+04 1.00000e+19
2.06154e+05 -3.22354e+05 -1.40694e+04 -8.99774e+03 1.00000e+19
-5.79918e+04 2.91525e+04 1.82122e+04 3.62287e+04 1.00000e+19
-2.36351e+04 -1.42144e+05 -2.68457e+04 4.46379e+03 1.00000e+19
-3.66222e+05 -6.29684e+04 -2.87170e+03 1.67017e+04 1.00000e+19
1.46909e+03 -3.26090e+04 -5.71207e+04 -2.57338e+03 1.00000e+19
-1.05748e+05 9.09471e+04 1.80366e+04 2.09719e+04 1.00000e+19
-1.86518e+04 -8.78922e+03 -3.06671e+04 6.50795e+04 1.00000e+19
2.09502e+05 -5.89068e+03 -6.34231e+02 -2.25565e+04 1.00000e+19
3.80483e+03 -1.24926e+04 -8.64773e+04 -2.63381e+04 1.00000e+19
1.81137e+05 3.21142e+05 1.48185e+04 -8.35822e+03 1.00000e+19
-1.51338e+05 -2.56498e+05 -1.63036e+04 9.61941e+03 1.00000e+19
6.52115e+03 3.35272e+04 5.48692e+04 -1.06722e+04 1.00000e+19
-1.15336e+05 4.53404e+05 1.46372e+04 3.72339e+03 1.00000e+19
-1.23968e+05 -3.94292e+05 -1.53288e+04 4.81949e+03 1.00000e+19
-1.12324e+05 1.04436e+05 1.79616e+04 1.93182e+04 1.00000e+19
1.49226e+05 -1.44837e+05 -1.57776e+04 -1.62557e+04 1.00000e+19
8.76427e+04 -4.38837e+05 -1.51437e+04 -3.02444e+03 1.00000e+19
-4.22146e+05 -2.77969e+04 -1.04355e+03 1.58483e+04 1.00000e+19
-1.22191e+05 -1.23328e+05 -1.76125e+04 1.74502e+04 1.00000e+19
-3.48584e+04 -3.91535e+04 -3.36991e+04 3.00023e+04 1.00000e+19
2.32560e+05 -9.20697e+04 -7.60349e+03 -1.92057e+04 1.00000e+19
3.94784e+04 1.04846e+05 2.88842e+04 -1.08760e+04 1.00000e+19
1.76528e+05 4.26244e+05 1.40518e+04 -5.81952e+03 1.00000e+19
4.40791e+04 -7.75246e+04 -3.00720e+04 -1.70984e+04 1.00000e+19
-2.01717e+03 -1.55049e+03 -1.24814e+05 1.62382e+05 1.00000e+19
-1.64322e+05 -2.93585e+05 -1.55414e+04 8.69863e+03 1.00000e+19
1.06883e+05 1.85142e+05 1.93499e+04 -1.11708e+04 1.00000e+19
-3.59519e+05 -1.25368e+05 -5.51250e+03 1.58083e+04 1.00000e+19
-1.40508e+05 -3.30495e+05 -1.58644e+04 6.74463e+03 1.00000e+19
3.77852e+04 1.88604e+05 2.30956e+04 -4.62701e+03 1.00000e+19
1.09473e+05 -1.82987e+05 -1.91981e+04 -1.14854e+04 1.00000e+19
-3.58954e+04 -1.02765e+05 -2.95599e+04 1.03252e+04 1.00000e+19
3.19357e+05 -2.94864e+05 -1.06295e+04 -1.15124e+04 1.00000e+19
-2.42172e+05 -1.20341e+05 -8.84031e+03 1.77901e+04 1.00000e+19
-3.32105e+05 -1.06713e+04 -5.75563e+02 1.79122e+04 1.00000e+19
3.27894e+05 -7.29498e+04 -3.87089e+03 -1.73988e+04 1.00000e+19
-2.53075e+04 1.87145e+04 3.46214e+04 4.68182e+04 1.00000e+19
-1.02264e+05 -6.06326e+04 -1.52800e+04 2.57716e+04 1.00000e+19
5.17153e+04 3.50716e+05 1.71648e+04 -2.53106e+03 1.00000e+19
1.58871e+05 -1.01582e+05 -1.28153e+04 -2.00427e+04 1.00000e+19
5.07851e+04 7.98686e+04 2.83359e+04 -1.80176e+04 1.00000e+19
1.97204e+04 3.14535e+05 1.83658e+04 -1.15148e+03 1.00000e+19
-2.03823e+05 1.12734e+05 1.03600e+04 1.87310e+04 1.00000e+19
-4.08115e+05 2.33808e+05 7.48787e+03 1.30702e+04 1.00000e+19
7.36800e+04 1.62017e+05 2.22901e+04 -1.01368e+04 1.00000e+19
2.64221e+05 6.37283e+04 4.64608e+03 -1.92629e+04 1.00000e+19
-4.47719e+03 -2.82773e+05 -1.94233e+04 3.07532e+02 1.00000e+19
-1.34429e+05 4.28073e+05 1.47139e+04 4.62067e+03 1.00000e+19
2.74939e+05 1.91752e+05 1.02071e+04 -1.46352e+04 1.00000e+19
4.88542e+04 1.54191e+03 1.47402e+03 -4.67033e+04 1.00000e+19
1.58716e+04 -2.83416e+04 -5.00104e+04 -2.80063e+04 1.00000e+19
1.05645e+05 -1.30732e+05 -1.95985e+04 -1.58375e+04 1.00000e+19
3.05068e+05 2.76078e+04 1.68230e+03 -1.85895e+04 1.00000e+19
2.44980e+05 -2.80973e+05 -1.27531e+04 -1.11195e+04 1.00000e+19
-1.72614e+05 -1.79954e+05 -1.49297e+04 1.43208e+04 1.00000e+19
-3.37023e+05 -2.50660e+05 -9.51276e+03 1.27903e+04 1.00000e+19
1.28846e+05 3.13918e+05 1.64060e+04 -6.73377e+03 1.00000e+19
2.73250e+05 2.68401e+05 1.16970e+04 -1.19083e+04 1.00000e+19
-5.67413e+03 -2.27976e+03 -4.92514e+04 1.22583e+05 1.00000e+19
-1.82949e+05 3.79855e+04 4.85846e+03 2.33997e+04 1.00000e+19
2.41205e+04 6.00065e+04 3.76910e+04 -1.51505e+04 1.00000e+19
2.38512e+05 2.05503e+05 1.20177e+04 -1.39480e+04 1.00000e+19
-2.58959e+04 -1.60959e+05 -2.52605e+04 4.06404e+03 1.00000e+19
1.10963e+03 8.91063e+03 1.08182e+05 -1.34718e+04 1.00000e+19
-4.51998e+05 -1.35747e+05 -4.32533e+03 1.44021e+04 1.00000e+19
4.21788e+04 3.58822e+05 1.70692e+04 -2.00645e+03 1.00000e+19
1.17257e+04 -1.64248e+05 -2.53931e+04 -1.81281e+03 1.00000e+19
4.43386e+05 -7.59560e+04 -2.60070e+03 -1.51814e+04 1.00000e+19
4.11082e+05 1.56766e+05 5.54951e+03 -1.45523e+04 1.00000e+19
2.86117e+05 -1.46382e+05 -8.29974e+03 -1.62226e+04 1.00000e+19
3.67010e+04 2.33660e+05 2.09842e+04 -3.29598e+03 1.00000e+19
9.23197e+03 -8.71364e+04 -3.47046e+04 -3.67690e+03 1.00000e+19
2.07203e+04 2.00111e+05 2.29094e+04 -2.37214e+03 1.00000e+19
1.37592e+04 2.48179e+04 5.36343e+04 -2.97352e+04 1.00000e+19
-3.68046e+05 -6.27052e+04 -2.83958e+03 1.66668e+04 1.00000e+19
4.04182e+05 -1.09232e+05 -4.16528e+03 -1.54125e+04 1.00000e+19
-1.04748e+05 -5.19512e+04 -1.34235e+04 2.70655e+04 1.00000e+19
-1.95494e+05 3.23828e+04 3.79245e+03 2.28949e+04 1.00000e+19
9.04039e+04 -3.89815e+05 -1.59085e+04 -3.68942e+03 1.00000e+19
-3.03923e+04 -1.02724e+05 -3.02660e+04 8.95462e+03 1.00000e+19
-1.82426e+05 -2.20289e+05 -1.48773e+04 1.23203e+04 1.00000e+19
-6.79146e+04 -1.27714e+05 -2.39822e+04 1.27530e+04 1.00000e+19
1.34540e+05 2.70675e+05 1.68261e+04 -8.36348e+03 1.00000e+19
-2.20173e+05 -3.24363e+05 -1.36513e+04 9.26634e+03 1.00000e+19
3.90653e+03 4.28826e+03 1.00268e+05 -9.13427e+04 1.00000e+19
2.74949e+05 4.92884e+04 3.44895e+03 -1.92395e+04 1.00000e+19
-1.16666e+05 -7.51357e+04 -1.50155e+04 2.33151e+04 1.00000e+19
5.83293e+04 -3.12691e+04 -1.89727e+04 -3.53915e+04 1.00000e+19
-5.69520e+03 3.28137e+03 6.36129e+04 1.10408e+05 1.00000e+19
-3.51550e+05 1.95910e+05 7.92697e+03 1.42245e+04 1.00000e+19
-8.50991e+04 -3.81953e+05 -1.61190e+04 3.59131e+03 1.00000e+19
-2.34839e+04 -1.80892e+05 -2.39866e+04 3.11400e+03 1.00000e+19
1.60913e+04 9.15368e+04 3.33743e+04 -5.86688e+03 1.00000e+19
-3.49819e+04 -3.22411e+04 -3.20987e+04 3.48274e+04 1.00000e+19
2.08208e+05 -3.49948e+05 -1.39127e+04 -8.27758e+03 1.00000e+19
-3.61622e+05 2.65878e+05 9.13400e+03 1.24232e+04 1.00000e+19
-7.70414e+04 2.02715e+04 9.31359e+03 3.53962e+04 1.00000e+19
1.56056e+05 -5.17999e+04 -8.02580e+03 -2.41790e+04 1.00000e+19
2.76360e+05 -5.58247e+04 -3.85220e+03 -1.90703e+04 1.00000e+19
-1.30974e+05 -4.24405e+04 -8.58233e+03 2.64855e+04 1.00000e+19
-1.34123e+05 1.52273e+05 1.72093e+04 1.51581e+04 1.00000e+19
1.49436e+05 -3.05737e+05 -1.59101e+04 -7.77641e+03 1.00000e+19
1.88110e+05 2.24622e+05 1.46321e+04 -1.22536e+04 1.00000e+19
-1.77556e+05 -3.22643e+05 -1.49139e+04 8.20736e+03 1.00000e+19
-1.33403e+05 5.45115e+04 1.02936e+04 2.51910e+04 1.00000e+19
6.33376e+04 -2.57844e+04 -1.48950e+04 -3.65885e+04 1.00000e+19
1.22585e+05 -9.52687e+04 -1.60885e+04 -2.07016e+04 1.00000e+19
-1.29602e+04 4.37450e+03 2.82483e+04 8.36902e+04 1.00000e+19
1.16883e+05 -1.35097e+05 -1.84839e+04 -1.59919e+04 1.00000e+19
2.06939e+05 3.32680e+05 1.40142e+04 -8.71736e+03 1.00000e+19
-1.07509e+04 9.77454e+03 5.76524e+04 6.34111e+04 1.00000e+19
-3.01018e+05 -2.32495e+04 -1.44781e+03 1.87452e+04 1.00000e+19
-2.97790e+04 2.55960e+04 3.39816e+04 3.95350e+04 1.00000e+19
-2.88455e+03 4.36817e+03 1.19149e+05 7.86810e+04 1.00000e+19
-8.95253e+03 -4.48987e+03 -4.62764e+04 9.22723e+04 1.00000e+19
-1.87476e+05 3.94225e+04 4.85687e+03 2.30971e+04 1.00000e+19
1.10689e+05 -1.53124e+05 -1.92608e+04 -1.39231e+04 1.00000e+19
-2.69715e+05 -2.28575e+05 -1.12328e+04 1.32545e+04 1.00000e+19
-8.40282e+04 1.58109e+04 6.53293e+03 3.47198e+04 1.00000e+19
-1.40328e+05 1.34844e+05 1.62253e+04 1.68851e+04 1.00000e+19
1.92394e+05 -3.31512e+05 -1.44318e+04 -8.37553e+03 1.00000e+19
2.66946e+05 -1.91390e+05 -1.05028e+04 -1.46490e+04 1.00000e+19
-2.89929e+05 3.14843e+05 1.16158e+04 1.06966e+04 1.00000e+19
2.25409e+05 1.54653e+05 1.11783e+04 -1.62924e+04 1.00000e+19
3.09018e+05 3.32804e+05 1.12335e+04 -1.04306e+04 1.00000e+19
-9.57795e+03 -6.88388e+04 -3.88115e+04 5.40008e+03 1.00000e+19
-1.91364e+05 -2.34046e+04 -2.85625e+03 2.33537e+04 1.00000e+19
2.42003e+05 9.81340e+04 7.59668e+03 -1.87338e+04 1.00000e+19
3.21808e+05 -2.36522e+04 -1.33304e+03 -1.81372e+04 1.00000e+19
-3.82621e+05 -6.72415e+03 -2.93432e+02 1.66970e+04 1.00000e+19
2.85472e+04 -3.31968e+05 -1.78310e+04 -1.53335e+03 1.00000e+19
-2.20277e+04 7.38809e+02 2.33257e+03 6.95460e+04 1.00000e+19
-8.18435e+04 1.29465e+05 2.23119e+04 1.41049e+04 1.00000e+19
1.34382e+04 -1.27551e+04 -5.22483e+04 -5.50465e+04 1.00000e+19
3.84035e+05 -6.54921e+04 -2.78239e+03 -1.63155e+04 1.00000e+19
3.73291e+05 2.81710e+05 9.09973e+03 -1.20580e+04 1.00000e+19
-2.55205e+05 3.39858e+04 2.68759e+03 2.01815e+04 1.00000e+19
2.31503e+05 -1.26184e+05 -9.62864e+03 -1.76651e+04 1.00000e+19
-1.65386e+04 1.50569e+04 4.65027e+04 5.10789e+04 1.00000e+19
-1.17682e+04 -4.34136e+04 -4.70126e+04 1.27438e+04 1.00000e+19
4.08350e+03 -3.71370e+03 -9.35539e+04 -1.02870e+05 1.00000e+19
3.26448e+05 2.37498e+05 9.56523e+03 -1.31477e+04 1.00000e+19
6.89176e+04 8.57980e+04 2.42782e+04 -1.95016e+04 1.00000e+19
-3.19711e+05 1.36406e+05 6.87619e+03 1.61165e+04 1.00000e+19
2.04950e+05 2.44119e+05 1.40139e+04 -1.17654e+04 1.00000e+19
-3.04277e+05 2.11407e+05 9.68374e+03 1.39377e+04 1.00000e+19
-1.09538e+05 -2.17493e+05 -1.86968e+04 9.41645e+03 1.00000e+19
-6.02593e+04 6.94613e+04 2.57330e+04 2.23240e+04 1.00000e+19
9.23134e+04 2.33314e+05 1.91770e+04 -7.58759e+03 1.00000e+19
4.13565e+04 1.47433e+04 1.65552e+04 -4.64390e+04 1.00000e+19
-2.13130e+05 -3.90852e+05 -1.35933e+04 7.41238e+03 1.00000e+19
3.60848e+04 -3.32499e+05 -1.77588e+04 -1.92729e+03 1.00000e+19
-2.12720e+04 3.14005e+04 4.39166e+04 2.97510e+04 1.00000e+19
-2.68889e+05 -3.03313e+05 -1.21419e+04 1.07639e+04 1.00000e+19
9.57151e+04 -3.84963e+05 -1.59175e+04 -3.95764e+03 1.00000e+19
-2.67821e+05 3.06939e+05 1.21959e+04 1.06415e+04 1.00000e+19
4.65857e+04 -4.09104e+05 -1.59959e+04 -1.82150e+03 1.00000e+19
-2.61471e+04 -2.21069e+04 -3.60453e+04 4.26328e+04 1.00000e+19
-4.08070e+05 2.03928e+05 6.83729e+03 1.36817e+04 1.00000e+19
3.71026e+04 1.12074e+05 2.85428e+04 -9.44920e+03 1.00000e+19
-3.23426e+05 2.18184e+05 9.24945e+03 1.37110e+04 1.00000e+19
4.02050e+05 5.91250e+05 9.05787e+03 -1.43217e+04 2.24000e+23
3.62165e+05 5.77469e+05 2.91298e+03 3.46306e+03 1.00000e+19
4.29969e+05 6.12454e+05 2.15440e+04 -3.07616e+04 1.00000e+19
4.22771e+05 5.99775e+05 1.88827e+04 -3.82022e+04 1.00000e+19
3.89749e+05 5.87314e+05 -1.30824e+03 1.80722e+04 1.00000e+19
3.90984e+05 5.88640e+05 7.35440e+02 2.09605e+04 1.00000e+19
3.99493e+05 5.96680e+05 5.41974e+04 6.93095e+03 1.00000e+19
3.67132e+05 5.69817e+05 -9.31783e+02 1.95327e+03 1.00000e+19
3.61306e+05 5.90781e+05 8.83770e+03 4.82573e+03 1.00000e+19
3.65423e+05 5.82616e+05 4.48624e+03 5.07246e+03 1.00000e+19
4.43946e+05 5.79305e+05 3.98017e+03 -3.21308e+04 1.00000e+19
3.78956e+05 6.02647e+05 1.97174e+04 7.27760e+03 1.00000e+19
4.36852e+05 6.01567e+05 1.48243e+04 -3.37729e+04 1.00000e+19
4.09600e+05 5.64842e+05 -1.33667e+04 -2.07331e+04 1.00000e+19
3.76893e+05 5.83396e+05 1.96208e+03 8.40631e+03 1.00000e+19
4.21913e+05 6.15281e+05 2.59314e+04 -2.82684e+04 1.00000e+19
3.83168e+05 5.53355e+05 -7.75576e+03 -5.94388e+03 1.00000e+19
3.72800e+05 6.00413e+05 1.56577e+04 6.74674e+03 1.00000e+19
4.33758e+05 5.97393e+05 1.31490e+04 -3.54373e+04 1.00000e+19
3.87895e+05 5.48587e+05 -8.24618e+03 -8.58060e+03 1.00000e+19
4.17035e+05 5.47509e+05 -7.94793e+03 -2.01478e+04 1.00000e+19
-4.02050e+05 -5.91250e+05 -9.05787e+03 1.43217e+04 2.24000e+23
-3.74488e+05 -5.97551e+05 -1.41809e+04 -8.08824e+03 1.00000e+19
-4.01783e+05 -5.94919e+05 -7.26171e+04 9.69800e+03 1.00000e+19
-4.01828e+05 -6.37368e+05 -2.70567e+04 1.42351e+04 1.00000e+19
-4.27579e+05 -5.65875e+05 5.30480e+03 2.87716e+04 1.00000e+19
-3.61773e+05 -5.75071e+05 -2.14232e+03 -2.89429e+03 1.00000e+19
-3.71656e+05 -6.05679e+05 -1.80954e+04 -4.71497e+03 1.00000e+19
-3.73311e+05 -5.85588e+05 -4.69260e+03 -7.83711e+03 1.00000e+19
-4.21328e+05 -6.18043e+05 -2.63278e+04 2.67474e+04 1.00000e+19
-4.04608e+05 -5.73305e+05 1.93650e+04 1.83727e+04 1.00000e+19
-4.26939e+05 -6.30861e+05 -2.41897e+04 2.38296e+04 1.00000e+19
-4.34005e+05 -6.07480e+05 -1.83035e+04 3.25258e+04 1.00000e+19
-3.64380e+05 -5.81472e+05 -4.13524e+03 -4.64326e+03 1.00000e+19
-4.02127e+05 -5.91009e+05 2.22209e+05 8.85896e+04 1.00000e+19
-4.22224e+05 -5.79793e+05 3.47412e+03 3.63889e+04 1.00000e+19
-4.08099e+05 -5.96867e+05 -3.80071e+04 4.54960e+04 1.00000e+19
-4.05012e+05 -5.56412e+05 1.15395e+04 1.60732e+04 1.00000e+19
-4.03296e+05 -6.03721e+05 -4.34136e+04 1.77551e+04 1.00000e+19
-4.37235e+05 -5.94879e+05 -1.11666e+04 3.47656e+04 1.00000e+19
-4.04802e+05 -5.86925e+05 3.64863e+04 4.33050e+04 1.00000e+19
-4.02231e+05 -5.49124e+05 9.77444e+03 1.44026e+04 1.00000e+19
