32
2.83800e+06
9.89518e+04 5.605852e+04 -3.03300e+04 4.05918e+03 1.60000e+24
4.30668e+04 -3.34133e+04 -2.71234e+04 -3.49596e+04 1.00000e+19
-1.53645e+05 -3.55766e+05 -1.52348e+04 6.57945e+03 1.00000e+19
5.76827e+04 -1.34600e+04 -9.64564e+03 -4.13362e+04 1.00000e+19
2.85189e+04 -1.86357e+04 -3.06162e+04 -4.68532e+04 1.00000e+19
9.64300e+04 -1.43947e+05 -2.06193e+04 -1.38128e+04 1.00000e+19
-9.64591e+04 3.88911e+04 1.19783e+04 2.97091e+04 1.00000e+19
-2.62382e+05 8.86382e+04 6.28264e+03 1.85976e+04 1.00000e+19
7.78011e+04 9.68791e+04 2.28506e+04 -1.83507e+04 1.00000e+19
-1.23416e+04 3.87495e+04 4.88111e+04 1.55462e+04 1.00000e+19
8.62890e+03 -1.15040e+05 -3.03300e+04 -2.27499e+03 1.00000e+19
-2.04521e+05 -1.74482e+05 -1.29313e+04 1.51576e+04 1.00000e+19
-6.04583e+04 -3.08041e+04 -1.80042e+04 3.53363e+04 1.00000e+19
6.79677e+04 -3.02919e+05 -1.80909e+04 -4.05918e+03 1.00000e+19
3.47976e+05 -2.18661e+05 -8.57377e+03 -1.36443e+04 1.00000e+19
1.22383e+05 -5.70509e+04 -1.18782e+04 -2.54807e+04 1.00000e+19
1.36041e+05 3.40172e+05 1.58471e+04 -6.33752e+03 1.00000e+19
1.04652e+05 7.38334e+04 1.66408e+04 -2.35868e+04 1.00000e+19
2.13932e+05 -2.53640e+05 -1.37088e+04 -1.15627e+04 1.00000e+19
2.41025e+05 -3.96819e+05 -1.29581e+04 -7.87065e+03 1.00000e+19
-1.25062e+05 -1.63594e+05 -1.80858e+04 1.38260e+04 1.00000e+19
7.98873e+04 1.13831e+05 2.26751e+04 -1.59135e+04 1.00000e+19
5.20374e+03 2.51694e+03 5.91630e+04 -1.22319e+05 1.00000e+19
1.31149e+05 1.48770e+05 1.74010e+04 -1.53399e+04 1.00000e+19
9.03335e+03 -4.89321e+04 -4.55418e+04 -8.40746e+03 1.00000e+19
-1.05149e+05 -3.20888e+05 -1.68937e+04 5.53577e+03 1.00000e+19
3.22368e+05 -2.18035e+05 -9.27738e+03 -1.37167e+04 1.00000e+19
1.01194e+03 2.14366e+03 1.91875e+05 -9.05766e+04 1.00000e+19
8.80543e+04 -8.29607e+04 -2.03670e+04 -2.16175e+04 1.00000e+19
