1001
2.83800e+06
0.00000e+00 0.00000e+00 0.00000e+00 0.00000e+00 3.00000e+22
-3.20724e+05 -2.04267e+05 -1.74275e+05 2.73633e+05 6.00000e+21
3.63253e+05 1.07700e+05 9.23845e+04 -3.11595e+05 6.00000e+21
6.25316e+04 -1.19701e+05 -4.82496e+05 -2.52055e+05 6.00000e+21
6.10193e+04 5.58097e+04 4.69513e+05 -5.13340e+05 6.00000e+21
1.57300e+04 -3.75975e+04 -9.14154e+05 -3.82463e+05 6.00000e+21
4.26318e+05 -3.29241e+04 -2.35567e+04 -3.05025e+05 6.00000e+21
4.40711e+05 -1.16873e+05 -7.59426e+04 -2.86368e+05 6.00000e+21
5.74768e+04 3.65203e+04 4.11124e+05 -6.47040e+05 6.00000e+21
3.89516e+05 6.07282e+04 4.90816e+04 -3.14814e+05 6.00000e+21
3.59528e+05 1.12580e+05 9.73945e+04 -3.11032e+05 6.00000e+21
-6.76384e+04 5.58944e+04 4.30205e+05 5.20596e+05 6.00000e+21
-8.23399e+04 -7.80579e+04 -4.08600e+05 4.31014e+05 6.00000e+21
2.95640e+05 4.80628e+04 5.86551e+04 -3.60795e+05 6.00000e+21
2.23978e+05 2.01222e+05 2.43649e+05 -2.71204e+05 6.00000e+21
2.75152e+05 -1.20489e+05 -1.46415e+05 -3.34358e+05 6.00000e+21
-1.65851e+04 -2.27572e+05 -4.17690e+05 3.04406e+04 6.00000e+21
2.84339e+04 1.71697e+05 4.73090e+05 -7.83458e+04 6.00000e+21
1.42373e+05 -1.89005e+05 -3.28482e+05 -2.47438e+05 6.00000e+21
3.60188e+05 -2.51443e+05 -1.72775e+05 -2.47496e+05 6.00000e+21
2.65578e+03 -9.48924e+04 -6.49034e+05 -1.81647e+04 6.00000e+21
2.39047e+05 -6.85006e+04 -1.10510e+05 -3.85649e+05 6.00000e+21
1.64767e+05 1.21644e+05 2.62551e+05 -3.55628e+05 6.00000e+21
2.29908e+03 4.30837e+04 9.61736e+05 -5.13213e+04 6.00000e+21
6.74324e+03 -1.38775e+04 -1.44857e+06 -7.03878e+05 6.00000e+21
-1.06654e+05 3.58464e+05 3.13536e+05 9.32862e+04 6.00000e+21
1.08901e+05 -1.97756e+04 -1.07437e+05 -5.91637e+05 6.00000e+21
6.25687e+04 9.27733e+04 4.95808e+05 -3.34386e+05 6.00000e+21
-1.31958e+05 -3.86156e+05 -2.96335e+05 1.01264e+05 6.00000e+21
3.46794e+05 -1.76348e+05 -1.45375e+05 -2.85885e+05 6.00000e+21
4.18276e+04 2.07364e+05 4.26365e+05 -8.60026e+04 6.00000e+21
2.01812e+05 -1.10848e+05 -2.00708e+05 -3.65414e+05 6.00000e+21
-1.35766e+05 3.53046e+04 1.34421e+05 5.16928e+05 6.00000e+21
1.20522e+05 -1.37104e+05 -3.51666e+05 -3.09134e+05 6.00000e+21
4.08837e+04 -1.26388e+05 -5.22241e+05 -1.68933e+05 6.00000e+21
7.38498e+04 -1.81514e+05 -4.18592e+05 -1.70306e+05 6.00000e+21
9.54091e+04 2.25957e+05 3.72123e+05 -1.57127e+05 6.00000e+21
6.42393e+04 9.34404e+04 4.89551e+05 -3.36562e+05 6.00000e+21
-1.25621e+04 -2.02118e+05 -4.43690e+05 2.75764e+04 6.00000e+21
-1.57895e+05 2.02583e+05 3.11335e+05 2.42658e+05 6.00000e+21
1.76477e+05 -2.41055e+05 -2.95320e+05 -2.16204e+05 6.00000e+21
3.89737e+04 -2.07364e+05 -4.28020e+05 -8.04456e+04 6.00000e+21
-2.59062e+03 -5.39803e+03 -2.33081e+06 1.11860e+06 6.00000e+21
-1.57919e+05 2.87335e+05 3.06176e+05 1.68274e+05 6.00000e+21
3.52829e+05 -1.67687e+05 -1.37391e+05 -2.89082e+05 6.00000e+21
-4.11534e+03 2.09180e+03 1.33412e+06 2.62471e+06 6.00000e+21
-6.47876e+03 -6.11186e+04 -8.02439e+05 8.50610e+04 6.00000e+21
1.93282e+04 9.50694e+04 6.29399e+05 -1.27961e+05 6.00000e+21
-4.59763e+05 3.16669e+04 2.02489e+04 2.93988e+05 6.00000e+21
2.36210e+03 -2.82772e+03 -2.52934e+06 -2.11285e+06 6.00000e+21
-3.15854e+05 -1.12266e+05 -1.15719e+05 3.25570e+05 6.00000e+21
1.47863e+05 4.56932e+04 1.50138e+05 -4.85848e+05 6.00000e+21
-8.24509e+03 -2.37534e+05 -4.10094e+05 1.42348e+04 6.00000e+21
2.86508e+05 6.13650e+04 7.74006e+04 -3.61377e+05 6.00000e+21
-8.87534e+04 -3.01306e+05 -3.42399e+05 1.00858e+05 6.00000e+21
5.58302e+04 -1.32044e+05 -4.86639e+05 -2.05758e+05 6.00000e+21
-1.74117e+05 2.42366e+05 2.97410e+05 2.13661e+05 6.00000e+21
1.44651e+05 3.06756e+05 3.10701e+05 -1.46511e+05 6.00000e+21
-2.53648e+04 -2.66313e+05 -3.85036e+05 3.66726e+04 6.00000e+21
3.92451e+05 -2.12329e+05 -1.42509e+05 -2.63401e+05 6.00000e+21
1.39169e+05 -7.76458e+04 -2.44159e+05 -4.37619e+05 6.00000e+21
-4.33890e+05 -6.34511e+04 -4.37135e+04 2.98921e+05 6.00000e+21
-1.14577e+05 -7.74688e+04 -3.01294e+05 4.45617e+05 6.00000e+21
-1.85685e+05 2.83625e+05 2.87462e+05 1.88197e+05 6.00000e+21
-2.88408e+05 -8.20797e+04 -9.99990e+04 3.51372e+05 6.00000e+21
-1.08067e+05 1.07955e+05 3.61750e+05 3.62123e+05 6.00000e+21
4.47995e+03 1.88567e+05 4.60492e+05 -1.09403e+04 6.00000e+21
-2.75316e+05 1.32522e+05 1.56965e+05 3.26096e+05 6.00000e+21
-1.99937e+03 7.36028e+03 2.21056e+06 6.00483e+05 6.00000e+21
-2.02972e+04 -7.19667e+04 -7.04113e+05 1.98585e+05 6.00000e+21
-5.58303e+04 -5.24272e+04 -4.94834e+05 5.26954e+05 6.00000e+21
-2.33831e+05 -1.07482e+05 -1.64697e+05 3.58305e+05 6.00000e+21
7.54824e+04 -2.05461e+04 -1.87853e+05 -6.90136e+05 6.00000e+21
-1.42251e+05 -1.63839e+03 -6.10845e+03 5.30357e+05 6.00000e+21
-5.41461e+04 2.47415e+05 3.88318e+05 8.49821e+04 6.00000e+21
1.18561e+05 1.31850e+05 3.53260e+05 -3.17655e+05 6.00000e+21
-1.18245e+05 -4.72291e+04 -2.07952e+05 5.20637e+05 6.00000e+21
-1.30122e+05 2.48163e+04 1.02971e+05 5.39916e+05 6.00000e+21
-2.20595e+05 5.51360e+04 1.01728e+05 4.07008e+05 6.00000e+21
-2.99076e+05 2.11485e+05 1.90840e+05 2.69882e+05 6.00000e+21
-1.49291e+05 2.10838e+05 3.21214e+05 2.27447e+05 6.00000e+21
4.26870e+04 -2.39573e+04 -4.42532e+05 -7.88498e+05 6.00000e+21
-1.83017e+04 1.87717e+05 4.58464e+05 4.46985e+04 6.00000e+21
-6.84730e+03 4.58799e+03 1.22656e+06 1.83057e+06 6.00000e+21
-1.32973e+05 3.68183e+05 3.00727e+05 1.08610e+05 6.00000e+21
8.11640e+04 -9.00438e+04 -4.26780e+05 -3.84693e+05 6.00000e+21
-9.13236e+04 2.86408e+05 3.47622e+05 1.10842e+05 6.00000e+21
3.46067e+05 -2.97233e+05 -1.92982e+05 -2.24688e+05 6.00000e+21
-1.22966e+05 6.30906e+04 2.45646e+05 4.78774e+05 6.00000e+21
-6.71863e+04 -2.47680e+05 -3.81124e+05 1.03385e+05 6.00000e+21
1.32330e+05 -2.13562e+04 -8.70563e+04 -5.39429e+05 6.00000e+21
1.28525e+05 -3.43102e+05 -3.09497e+05 -1.15936e+05 6.00000e+21
1.43364e+04 3.31691e+05 3.46868e+05 -1.49923e+04 6.00000e+21
3.20291e+05 -1.97058e+04 -2.16862e+04 -3.52481e+05 6.00000e+21
1.07519e+05 3.38368e+05 3.19972e+05 -1.01674e+05 6.00000e+21
1.57827e+05 1.19920e+05 2.71843e+05 -3.57772e+05 6.00000e+21
-2.78005e+05 2.09978e+05 2.04272e+05 2.70450e+05 6.00000e+21
2.54634e+05 2.78237e+05 2.40300e+05 -2.19915e+05 6.00000e+21
-1.43986e+05 3.61577e+05 2.97916e+05 1.18635e+05 6.00000e+21
-9.08019e+04 -9.69610e+04 -4.00630e+05 3.75181e+05 6.00000e+21
4.02067e+04 1.23548e+05 5.27753e+05 -1.71748e+05 6.00000e+21
8.59089e+04 9.95326e+04 4.17650e+05 -3.60484e+05 6.00000e+21
-5.25457e+04 7.16675e+04 5.41193e+05 3.96796e+05 6.00000e+21
-1.75708e+05 2.57303e+04 6.87839e+04 4.69713e+05 6.00000e+21
-3.39786e+05 4.43953e+03 4.48344e+03 3.43147e+05 6.00000e+21
-1.85235e+05 -1.85250e+05 -2.76384e+05 2.76362e+05 6.00000e+21
2.11132e+05 2.21951e+05 2.61883e+05 -2.49118e+05 6.00000e+21
3.64293e+05 2.85036e+05 1.81258e+05 -2.31658e+05 6.00000e+21
-1.15022e+05 3.15570e+05 3.24310e+05 1.18208e+05 6.00000e+21
2.95096e+03 -3.86277e+05 -3.21862e+05 -2.45886e+03 6.00000e+21
-1.59411e+05 -1.67426e+05 -3.01329e+05 2.86904e+05 6.00000e+21
3.27062e+05 -2.98986e+02 -3.19774e+02 -3.49803e+05 6.00000e+21
3.92194e+05 -5.77352e+04 -4.62747e+04 -3.14344e+05 6.00000e+21
1.51671e+05 -3.31966e+05 -3.01190e+05 -1.37610e+05 6.00000e+21
-1.38232e+05 -3.19253e+05 -3.11245e+05 1.34765e+05 6.00000e+21
9.44823e+03 -1.14338e+05 -5.88608e+05 -4.86390e+04 6.00000e+21
7.26992e+04 -4.40491e+04 -3.55570e+05 -5.86837e+05 6.00000e+21
-2.18451e+05 -3.40837e+05 -2.64709e+05 1.69659e+05 6.00000e+21
1.17695e+05 3.06980e+04 1.44769e+05 -5.55038e+05 6.00000e+21
1.65166e+05 -1.93504e+05 -3.01669e+05 -2.57491e+05 6.00000e+21
3.35618e+05 1.51655e+05 1.35740e+05 -3.00397e+05 6.00000e+21
2.19669e+05 1.64675e+05 2.29012e+05 -3.05491e+05 6.00000e+21
2.17937e+05 3.94277e+05 2.60854e+05 -1.44187e+05 6.00000e+21
-3.49163e+05 1.00492e+05 9.17921e+04 3.18936e+05 6.00000e+21
-1.18366e+04 -1.91069e+05 -4.56348e+05 2.82704e+04 6.00000e+21
3.70692e+05 2.13831e+05 1.52802e+05 -2.64893e+05 6.00000e+21
-2.28474e+05 1.46509e+04 2.67553e+04 4.17238e+05 6.00000e+21
2.80836e+05 -1.17628e+04 -1.57906e+04 -3.77000e+05 6.00000e+21
-8.26448e+04 3.96155e+04 2.85635e+05 5.95884e+05 6.00000e+21
6.14594e+04 3.75911e+05 3.19892e+05 -5.23006e+04 6.00000e+21
7.76198e+04 -1.10480e+05 -4.45472e+05 -3.12976e+05 6.00000e+21
-3.19733e+05 -8.64854e+04 -9.07613e+04 3.35540e+05 6.00000e+21
-8.13542e+02 -6.90951e+03 -2.38194e+06 2.80455e+05 6.00000e+21
1.98762e+05 -7.25371e+04 -1.49099e+05 -4.08551e+05 6.00000e+21
-3.14237e+05 2.21847e+05 1.86029e+05 2.63503e+05 6.00000e+21
1.17568e+05 8.16974e+03 4.03966e+04 -5.81333e+05 6.00000e+21
-2.93894e+05 -1.08492e+05 -1.23776e+05 3.35298e+05 6.00000e+21
-2.55595e+05 1.44317e+05 1.81548e+05 3.21533e+05 6.00000e+21
-3.14208e+04 1.22205e+05 5.45435e+05 1.40240e+05 6.00000e+21
-1.30405e+03 -1.22338e+04 -1.79340e+06 1.91166e+05 6.00000e+21
6.37886e+04 8.37912e+04 4.90501e+05 -3.73409e+05 6.00000e+21
1.56597e+05 -5.17397e+04 -1.54539e+05 -4.67735e+05 6.00000e+21
-3.97131e+04 -1.10802e+05 -5.48908e+05 1.96737e+05 6.00000e+21
1.23576e+05 7.33889e+04 2.69445e+05 -4.53704e+05 6.00000e+21
-4.88220e+04 -8.59662e+04 -5.53248e+05 3.14201e+05 6.00000e+21
-3.52483e+05 -1.75958e+05 -1.42353e+05 2.85165e+05 6.00000e+21
1.11120e+04 4.07015e+04 9.39545e+05 -2.56508e+05 6.00000e+21
2.83010e+05 1.87289e+05 1.89514e+05 -2.86372e+05 6.00000e+21
-1.01424e+05 1.10051e+05 3.80256e+05 3.50445e+05 6.00000e+21
6.42887e+04 -1.53921e+04 -1.81168e+05 -7.56686e+05 6.00000e+21
-3.12651e+05 -2.16405e+05 -1.84638e+05 2.66755e+05 6.00000e+21
8.28879e+04 3.10884e+05 3.40778e+05 -9.08581e+04 6.00000e+21
-3.90414e+05 -1.59421e+05 -1.16457e+05 2.85197e+05 6.00000e+21
1.27988e+05 -5.34207e+04 -2.06911e+05 -4.95728e+05 6.00000e+21
-3.11392e+05 2.99326e+05 2.10944e+05 2.19448e+05 6.00000e+21
-1.70566e+04 -5.85543e+04 -7.77734e+05 2.26550e+05 6.00000e+21
2.03088e+05 -8.65032e+04 -1.66855e+05 -3.91735e+05 6.00000e+21
1.65563e+05 2.76469e+05 3.02337e+05 -1.81054e+05 6.00000e+21
9.99928e+04 -2.60757e+05 -3.53455e+05 -1.35540e+05 6.00000e+21
-2.14913e+05 2.08043e+05 2.54410e+05 2.62812e+05 6.00000e+21
4.26802e+05 -1.47014e+05 -9.69696e+04 -2.81517e+05 6.00000e+21
2.58513e+05 -3.60242e+05 -2.44084e+05 -1.75157e+05 6.00000e+21
1.86697e+05 3.64044e+05 2.78296e+05 -1.42722e+05 6.00000e+21
-6.99479e+04 2.45329e+03 2.65048e+04 7.55702e+05 6.00000e+21
-4.80719e+04 1.59042e+05 4.69793e+05 1.41999e+05 6.00000e+21
-3.33640e+05 1.90836e+04 1.97613e+04 3.45490e+05 6.00000e+21
-3.98635e+05 -5.61602e+04 -4.39848e+04 3.12212e+05 6.00000e+21
1.79475e+05 4.18311e+05 2.72491e+05 -1.16911e+05 6.00000e+21
-3.32874e+02 -2.29118e+04 -1.32142e+06 1.91983e+04 6.00000e+21
4.49616e+05 4.89542e+04 3.21980e+04 -2.95719e+05 6.00000e+21
4.00386e+04 9.93688e+04 5.66905e+05 -2.28423e+05 6.00000e+21
-6.26366e+04 -2.77082e+05 -3.66101e+05 8.27601e+04 6.00000e+21
1.00911e+04 -4.41348e+04 -9.16538e+05 -2.09560e+05 6.00000e+21
2.32521e+05 -2.63434e+05 -2.53021e+05 -2.23330e+05 6.00000e+21
3.71383e+04 -2.00966e+05 -4.35150e+05 -8.04154e+04 6.00000e+21
-1.55854e+05 3.13151e+05 3.02816e+05 1.50710e+05 6.00000e+21
6.04724e+03 -5.92643e+03 -1.52170e+06 -1.55272e+06 6.00000e+21
1.25455e+05 -2.51132e+05 -3.37770e+05 -1.68735e+05 6.00000e+21
-1.43773e+05 4.16129e+04 1.43762e+05 4.96702e+05 6.00000e+21
-1.63657e+05 -1.04144e+05 -2.43852e+05 3.83201e+05 6.00000e+21
-6.51328e+03 1.28887e+04 1.48578e+06 7.50835e+05 6.00000e+21
-1.16279e+05 -4.15641e+05 -2.93248e+05 8.20388e+04 6.00000e+21
-4.11102e+04 -8.37942e+04 -5.87871e+05 2.88415e+05 6.00000e+21
-1.13959e+04 4.89663e+02 8.04103e+04 1.87138e+06 6.00000e+21
3.54655e+05 -3.11548e+04 -2.93394e+04 -3.33989e+05 6.00000e+21
1.73289e+04 3.05464e+04 9.28490e+05 -5.26730e+05 6.00000e+21
2.99479e+04 -2.64486e+05 -3.85290e+05 -4.36267e+04 6.00000e+21
-3.45616e+03 -3.34281e+03 -2.00571e+06 2.07372e+06 6.00000e+21
-1.99721e+05 3.01521e+05 2.77327e+05 1.83695e+05 6.00000e+21
6.31991e+03 5.24730e+04 8.63932e+05 -1.04053e+05 6.00000e+21
3.78655e+05 -1.77868e+05 -1.31500e+05 -2.79945e+05 6.00000e+21
5.96290e+03 4.42941e+04 9.37811e+05 -1.26249e+05 6.00000e+21
-1.09198e+05 -2.65967e+05 -3.45131e+05 1.41700e+05 6.00000e+21
-4.24285e+04 6.30140e+04 6.02061e+05 4.05379e+05 6.00000e+21
-1.01430e+05 -7.49236e+04 -3.34717e+05 4.53132e+05 6.00000e+21
2.28283e+05 7.99116e+04 1.34396e+05 -3.83929e+05 6.00000e+21
-3.18176e+04 1.59694e+04 4.75605e+05 9.47601e+05 6.00000e+21
3.22638e+04 6.64401e+03 2.22315e+05 -1.07958e+06 6.00000e+21
-4.82254e+04 4.23816e+05 3.04340e+05 3.46304e+04 6.00000e+21
2.20528e+05 2.33068e+05 2.56531e+05 -2.42730e+05 6.00000e+21
-4.93750e+03 -4.20533e+05 -3.08456e+05 3.62160e+03 6.00000e+21
-3.81095e+05 1.07906e+05 8.65992e+04 3.05846e+05 6.00000e+21
1.88900e+05 1.84195e+05 2.71900e+05 -2.78845e+05 6.00000e+21
5.76234e+04 -2.59982e+03 -3.75423e+04 -8.32103e+05 6.00000e+21
2.33491e+04 4.88136e+04 7.75812e+05 -3.71097e+05 6.00000e+21
-3.54479e+05 1.10592e+05 9.77737e+04 3.13393e+05 6.00000e+21
9.63354e+04 2.50271e+05 3.60520e+05 -1.38773e+05 6.00000e+21
3.25365e+05 4.57236e+03 4.92786e+03 -3.50662e+05 6.00000e+21
6.56640e+03 -4.28047e+05 -3.05715e+05 -4.68978e+03 6.00000e+21
1.92875e+05 -2.24799e+05 -2.78967e+05 -2.39350e+05 6.00000e+21
6.98054e+03 -1.83312e+04 -1.33486e+06 -5.08318e+05 6.00000e+21
-4.66969e+04 -1.45257e+05 -4.87569e+05 1.56743e+05 6.00000e+21
8.70831e+04 -1.84530e+05 -4.00510e+05 -1.89008e+05 6.00000e+21
4.78087e+04 3.95824e+05 3.14536e+05 -3.79905e+04 6.00000e+21
-1.22918e+05 -5.74142e+04 -2.29853e+05 4.92094e+05 6.00000e+21
-3.89949e+05 2.31749e+05 1.51748e+05 2.55337e+05 6.00000e+21
-9.19997e+02 -4.03501e+04 -9.95514e+05 2.26981e+04 6.00000e+21
6.98654e+03 1.17108e+04 1.47119e+06 -8.77701e+05 6.00000e+21
1.79802e+05 2.41338e+05 2.92426e+05 -2.17864e+05 6.00000e+21
-1.36188e+05 -2.95048e+04 -1.13471e+05 5.23757e+05 6.00000e+21
1.47487e+05 -6.88743e+03 -2.42861e+04 -5.20059e+05 6.00000e+21
4.91327e+04 -1.61833e+04 -2.75170e+05 -8.35418e+05 6.00000e+21
-7.24086e+04 -4.37725e+04 -3.55795e+05 5.88556e+05 6.00000e+21
1.28272e+05 1.95227e+05 3.45923e+05 -2.27285e+05 6.00000e+21
-1.79716e+05 2.58518e+05 2.92737e+05 2.03504e+05 6.00000e+21
5.46679e+04 2.77984e+05 3.68781e+05 -7.25239e+04 6.00000e+21
4.76922e+04 -1.18926e+04 -2.18322e+05 -8.75520e+05 6.00000e+21
4.58683e+04 1.58501e+04 2.96592e+05 -8.58303e+05 6.00000e+21
-1.36531e+05 4.20510e+05 2.86158e+05 9.29092e+04 6.00000e+21
-2.15013e+02 -1.44595e+05 -5.26091e+05 7.82296e+02 6.00000e+21
-2.91909e+05 -6.87822e+04 -8.37804e+04 3.55561e+05 6.00000e+21
2.47034e+05 2.26169e+05 2.33421e+05 -2.54955e+05 6.00000e+21
9.53796e+04 -1.84450e+05 -3.89956e+05 -2.01647e+05 6.00000e+21
-2.18470e+04 -6.42090e+04 -7.27210e+05 2.47432e+05 6.00000e+21
1.03348e+05 -3.49351e+05 -3.17820e+05 -9.40204e+04 6.00000e+21
1.35884e+04 -6.02790e+04 -7.85073e+05 -1.76976e+05 6.00000e+21
3.64945e+05 1.58475e+05 1.26325e+05 -2.90909e+05 6.00000e+21
2.57284e+05 -3.74917e+05 -2.44612e+05 -1.67863e+05 6.00000e+21
1.48443e+05 -3.14348e+04 -1.06395e+05 -5.02424e+05 6.00000e+21
7.91746e+04 3.31689e+04 2.63829e+05 -6.29763e+05 6.00000e+21
-1.67697e+04 -3.03859e+04 -9.40153e+05 5.18862e+05 6.00000e+21
-1.21919e+05 -2.30769e+05 -3.46232e+05 1.82919e+05 6.00000e+21
4.07651e+05 -1.74450e+05 -1.18196e+05 -2.76197e+05 6.00000e+21
7.40286e+04 1.05515e+05 4.56146e+05 -3.20029e+05 6.00000e+21
4.00893e+04 -9.90934e+04 -5.67210e+05 -2.29471e+05 6.00000e+21
-4.68341e+04 1.06287e+05 5.37157e+05 2.36693e+05 6.00000e+21
-3.16250e+04 -5.31596e+04 -6.91281e+05 4.11247e+05 6.00000e+21
9.72044e+04 -1.69205e+05 -3.92679e+05 -2.25584e+05 6.00000e+21
1.84002e+05 1.45307e+05 2.56051e+05 -3.24236e+05 6.00000e+21
-1.99574e+04 -3.56784e+05 -3.34132e+05 1.86903e+04 6.00000e+21
-2.30846e+05 -9.38911e+01 -1.69348e+02 4.16368e+05 6.00000e+21
1.66687e+05 6.17684e+04 1.64870e+05 -4.44914e+05 6.00000e+21
2.49516e+05 -5.65800e+04 -8.74626e+04 -3.85707e+05 6.00000e+21
-3.40303e+04 -7.71877e+04 -6.30246e+05 2.77861e+05 6.00000e+21
2.67592e+05 -3.96068e+03 -5.72305e+03 -3.86661e+05 6.00000e+21
-3.43037e+04 1.25428e+04 3.59460e+05 9.83098e+05 6.00000e+21
3.07793e+05 2.53009e+05 2.01252e+05 -2.44828e+05 6.00000e+21
5.89848e+04 1.36892e+05 4.75860e+05 -2.05042e+05 6.00000e+21
5.30251e+04 6.65912e+04 5.36388e+05 -4.27114e+05 6.00000e+21
-1.47837e+05 -1.46542e+05 -3.08679e+05 3.11407e+05 6.00000e+21
-8.59220e+04 4.24642e+05 2.97891e+05 6.02752e+04 6.00000e+21
6.59915e+04 -3.34059e+05 -3.36324e+05 -6.64391e+04 6.00000e+21
2.56079e+04 1.80472e+04 6.51092e+05 -9.23861e+05 6.00000e+21
-1.09475e+05 -8.36078e+04 -3.27150e+05 4.28368e+05 6.00000e+21
-1.57339e+05 1.61152e+05 3.01616e+05 2.94479e+05 6.00000e+21
-3.26943e+04 -5.61349e+04 -6.78240e+05 3.95024e+05 6.00000e+21
3.67968e+04 -5.11166e+04 -6.46936e+05 -4.65704e+05 6.00000e+21
-2.42277e+04 -2.15733e+04 -7.38622e+05 8.29505e+05 6.00000e+21
-4.24323e+05 3.93728e+03 2.84945e+03 3.07088e+05 6.00000e+21
-9.03886e+04 6.80936e+04 3.57819e+05 4.74975e+05 6.00000e+21
-2.89817e+05 2.28933e+05 2.04045e+05 2.58310e+05 6.00000e+21
1.19490e+05 1.32086e+05 3.51520e+05 -3.17996e+05 6.00000e+21
1.58046e+04 -2.68906e+05 -3.84782e+05 -2.26152e+04 6.00000e+21
3.71112e+05 -1.12897e+05 -9.34833e+04 -3.07296e+05 6.00000e+21
-1.71927e+03 3.17204e+03 2.92803e+06 1.58702e+06 6.00000e+21
3.18208e+05 -2.13975e+04 -2.37665e+04 -3.53438e+05 6.00000e+21
-4.87241e+01 -1.52791e+02 -1.50503e+07 4.79946e+06 6.00000e+21
8.89647e+04 3.97737e+05 3.05801e+05 -6.84007e+04 6.00000e+21
1.31255e+05 -6.92748e+03 -2.90828e+04 -5.51030e+05 6.00000e+21
9.42619e+04 -2.83556e+05 -3.47278e+05 -1.15445e+05 6.00000e+21
-6.89318e+04 -3.49953e+05 -3.28651e+05 6.47360e+04 6.00000e+21
2.26233e+04 5.57488e+04 7.55729e+05 -3.06680e+05 6.00000e+21
-1.76073e+05 -9.98716e+03 -2.69770e+04 4.75604e+05 6.00000e+21
3.07172e+05 3.21090e+05 2.16854e+05 -2.07454e+05 6.00000e+21
2.40960e+05 -1.32948e+05 -1.84221e+05 -3.33890e+05 6.00000e+21
-9.06861e+04 -1.67722e+04 -1.19801e+05 6.47758e+05 6.00000e+21
-2.71367e+05 1.87981e+05 1.98268e+05 2.86217e+05 6.00000e+21
2.59421e+05 1.21912e+05 1.58922e+05 -3.38174e+05 6.00000e+21
6.35732e+04 1.46195e+05 4.59472e+05 -1.99802e+05 6.00000e+21
1.63069e+04 4.01231e+04 8.90527e+05 -3.61930e+05 6.00000e+21
-2.61554e+05 -2.52476e+05 -2.30434e+05 2.38719e+05 6.00000e+21
1.82892e+03 1.38339e+04 1.67889e+06 -2.21959e+05 6.00000e+21
-2.35105e+05 7.98455e+04 1.29104e+05 3.80148e+05 6.00000e+21
-5.05702e+03 4.42184e+05 3.00811e+05 3.44021e+03 6.00000e+21
2.87767e+05 2.79199e+05 2.19996e+05 -2.26748e+05 6.00000e+21
2.29898e+03 1.78508e+05 4.73430e+05 -6.09724e+03 6.00000e+21
-2.54181e+05 1.07472e+05 1.48302e+05 3.50747e+05 6.00000e+21
-1.92290e+04 1.15441e+05 5.76825e+05 9.60814e+04 6.00000e+21
-3.57301e+05 2.77953e+05 1.82566e+05 2.34683e+05 6.00000e+21
-1.61442e+04 2.35760e+04 9.76464e+05 6.68656e+05 6.00000e+21
-8.35661e+04 7.91454e+04 4.05479e+05 4.28128e+05 6.00000e+21
-1.17624e+05 -3.84054e+05 -3.01814e+05 9.24362e+04 6.00000e+21
-3.33258e+05 -9.99033e+04 -9.73906e+04 3.24876e+05 6.00000e+21
-1.49120e+05 -5.35021e+04 -1.69732e+05 4.73074e+05 6.00000e+21
-2.48395e+05 9.87854e+04 1.42985e+05 3.59534e+05 6.00000e+21
1.32578e+05 1.90933e+05 3.40823e+05 -2.36657e+05 6.00000e+21
1.99563e+05 -3.58097e+05 -2.72925e+05 -1.52098e+05 6.00000e+21
-1.23347e+05 -8.78981e+04 -2.98309e+05 4.18614e+05 6.00000e+21
1.63899e+05 -1.70907e+05 -2.96714e+05 -2.84548e+05 6.00000e+21
-1.22175e+05 -2.77269e+05 -3.32576e+05 1.46545e+05 6.00000e+21
-2.57827e+02 -2.28855e+04 -1.32226e+06 1.48965e+04 6.00000e+21
-3.75566e+05 -2.58773e+05 -1.68069e+05 2.43925e+05 6.00000e+21
1.97318e+04 3.01560e+04 8.81807e+05 -5.76987e+05 6.00000e+21
-1.16514e+04 3.23555e+04 1.01496e+06 3.65492e+05 6.00000e+21
2.84422e+05 1.93370e+05 1.91789e+05 -2.82096e+05 6.00000e+21
3.40038e+05 9.13784e+04 8.74944e+04 -3.25584e+05 6.00000e+21
-1.75684e+05 -1.89520e+05 -2.88600e+05 2.67530e+05 6.00000e+21
-4.82458e+04 7.52317e+04 5.63291e+05 3.61236e+05 6.00000e+21
-2.72205e+04 -1.87075e+04 -6.23457e+05 9.07169e+05 6.00000e+21
-9.67605e+02 -6.50807e+04 -7.84044e+05 1.16570e+04 6.00000e+21
-2.72218e+04 4.67770e+04 7.43223e+05 4.32517e+05 6.00000e+21
-9.31182e+04 3.68552e+04 2.32640e+05 5.87787e+05 6.00000e+21
4.23033e+05 -2.17571e+04 -1.57876e+04 -3.06966e+05 6.00000e+21
-2.54229e+04 -6.37902e+04 -7.09163e+05 2.82629e+05 6.00000e+21
2.36606e+04 2.20828e+04 7.58727e+05 -8.12936e+05 6.00000e+21
-1.11191e+05 2.97810e+05 3.32401e+05 1.24106e+05 6.00000e+21
-5.16717e+04 -2.50072e+05 -3.87693e+05 8.01080e+04 6.00000e+21
1.83877e+05 -5.80464e+04 -1.37145e+05 -4.34443e+05 6.00000e+21
1.84496e+03 2.03241e+05 4.43717e+05 -4.02794e+03 6.00000e+21
-3.92522e+05 8.29821e+04 6.53259e+04 3.09005e+05 6.00000e+21
-3.98037e+05 -1.12832e+05 -8.48223e+04 2.99228e+05 6.00000e+21
9.25200e+04 3.15280e+05 3.34876e+05 -9.82705e+04 6.00000e+21
2.17600e+05 -1.99189e+04 -3.90121e+04 -4.26178e+05 6.00000e+21
-2.04320e+04 -2.32540e+04 -8.54159e+05 7.50502e+05 6.00000e+21
1.83306e+05 -4.13325e+05 -2.71962e+05 -1.20613e+05 6.00000e+21
-3.33043e+05 1.84532e+05 1.57128e+05 2.83583e+05 6.00000e+21
2.86228e+05 -9.62093e+04 -1.15990e+05 -3.45077e+05 6.00000e+21
-8.40408e+03 -2.19693e+02 -5.70161e+04 2.18108e+06 6.00000e+21
5.15379e+03 9.02264e+03 1.70410e+06 -9.73396e+05 6.00000e+21
-2.49170e+03 -7.65652e+04 -7.22401e+05 2.35095e+04 6.00000e+21
9.08074e+04 4.22929e+05 2.97389e+05 -6.38526e+04 6.00000e+21
2.45467e+05 2.16452e+04 3.53986e+04 -4.01438e+05 6.00000e+21
1.89495e+05 -3.35885e+05 -2.80567e+05 -1.58286e+05 6.00000e+21
6.61655e+02 -3.02536e+05 -3.63704e+05 -7.95431e+02 6.00000e+21
-1.81041e+05 6.16748e+04 1.47509e+05 4.32998e+05 6.00000e+21
-1.51633e+05 7.50578e+04 2.15755e+05 4.35872e+05 6.00000e+21
2.00103e+05 -7.29625e+04 -1.48491e+05 -4.07243e+05 6.00000e+21
-1.88281e+05 3.31235e+04 7.92747e+04 4.50616e+05 6.00000e+21
-3.80538e+05 -3.39439e+04 -2.87555e+04 3.22372e+05 6.00000e+21
6.36067e+03 -5.85785e+04 -8.19316e+05 -8.89644e+04 6.00000e+21
-1.34169e+05 4.50327e+04 1.69207e+05 5.04130e+05 6.00000e+21
3.65458e+05 -1.09604e+05 -9.30368e+04 -3.10217e+05 6.00000e+21
-7.22285e+04 5.03720e+04 3.85630e+05 5.52956e+05 6.00000e+21
-1.07914e+05 3.72845e+04 1.93340e+05 5.59589e+05 6.00000e+21
-2.93048e+05 1.11934e+04 1.41000e+04 3.69143e+05 6.00000e+21
5.33211e+04 2.84188e+05 3.65651e+05 -6.86057e+04 6.00000e+21
-3.47443e+05 2.73861e+05 1.86186e+05 2.36212e+05 6.00000e+21
1.58989e+05 1.95460e+05 3.09178e+05 -2.51487e+05 6.00000e+21
-4.07073e+05 1.20761e+05 8.73135e+04 2.94326e+05 6.00000e+21
3.40185e+04 -2.96441e+04 -6.18712e+05 -7.10011e+05 6.00000e+21
1.51315e+03 -2.40944e+04 -1.28499e+06 -8.06982e+04 6.00000e+21
2.42258e+03 1.96304e+04 1.41173e+06 -1.74220e+05 6.00000e+21
5.38837e+04 -2.11712e+04 -3.04045e+05 -7.73838e+05 6.00000e+21
1.68025e+05 -3.41720e+05 -2.90919e+05 -1.43045e+05 6.00000e+21
-1.77863e+04 -4.01419e+02 -3.38410e+04 1.49944e+06 6.00000e+21
-3.32998e+05 3.27639e+05 2.05277e+05 2.08635e+05 6.00000e+21
-2.11359e+05 7.84821e+04 1.46658e+05 3.94963e+05 6.00000e+21
-1.09420e+03 -7.58932e+02 -3.12439e+06 4.50461e+06 6.00000e+21
1.80904e+04 -1.85934e+04 -8.90219e+05 -8.66136e+05 6.00000e+21
1.08412e+04 3.34595e+03 5.53867e+05 -1.79458e+06 6.00000e+21
-7.25185e+04 9.49987e+03 9.60817e+04 7.33452e+05 6.00000e+21
-3.49725e+04 -2.55626e+04 -5.67189e+05 7.75978e+05 6.00000e+21
-3.50493e+04 -6.29988e+04 -6.51085e+05 3.62230e+05 6.00000e+21
9.27593e+04 3.81887e+04 2.40458e+05 -5.84065e+05 6.00000e+21
-9.29223e+04 9.81805e+04 3.95175e+05 3.74011e+05 6.00000e+21
2.25582e+05 1.30122e+05 1.95874e+05 -3.39570e+05 6.00000e+21
-2.67072e+05 -1.86556e+05 -2.00710e+05 2.87334e+05 6.00000e+21
-1.67912e+05 4.23518e+04 1.17571e+05 4.66132e+05 6.00000e+21
8.51098e+04 2.22311e+04 1.70464e+05 -6.52606e+05 6.00000e+21
-7.92695e+04 -5.81262e+03 -5.18925e+04 7.07683e+05 6.00000e+21
7.19633e+04 1.12413e+05 4.61167e+05 -2.95225e+05 6.00000e+21
-6.17055e+04 3.16651e+05 3.45707e+05 6.73676e+04 6.00000e+21
-1.83341e+05 6.03769e+04 1.42424e+05 4.32486e+05 6.00000e+21
2.77099e+05 -7.36354e+04 -9.59504e+04 -3.61074e+05 6.00000e+21
2.56909e+05 -3.34764e+05 -2.44307e+05 -1.87489e+05 6.00000e+21
3.67974e+05 1.06405e+05 8.97879e+04 -3.10508e+05 6.00000e+21
-1.41720e+05 -4.68235e+04 -1.62446e+05 4.91673e+05 6.00000e+21
-2.66962e+05 6.94374e+04 9.58813e+04 3.68630e+05 6.00000e+21
-1.88585e+05 -3.69892e+05 -2.76592e+05 1.41017e+05 6.00000e+21
3.61194e+05 7.33577e+04 6.55853e+04 -3.22925e+05 6.00000e+21
5.77625e+04 -4.18005e+04 -4.39217e+05 -6.06938e+05 6.00000e+21
-9.70275e+04 -1.59790e+04 -1.03665e+05 6.29470e+05 6.00000e+21
3.02839e+04 5.46274e+04 7.00076e+05 -3.88102e+05 6.00000e+21
-1.27036e+05 -1.64424e+05 -3.47289e+05 2.68321e+05 6.00000e+21
-9.83863e+04 3.75859e+05 3.10484e+05 8.12734e+04 6.00000e+21
-8.35686e+03 1.18795e+05 5.78270e+05 4.06794e+04 6.00000e+21
-2.80597e+05 -1.11724e+05 -1.34657e+05 3.38193e+05 6.00000e+21
-1.43743e+05 5.01915e+04 1.69012e+05 4.84031e+05 6.00000e+21
3.97584e+05 1.19088e+05 8.91004e+04 -2.97467e+05 6.00000e+21
1.83224e+04 -1.85343e+05 -4.61300e+05 -4.56028e+04 6.00000e+21
-9.58194e+03 -2.10501e+04 -1.19723e+06 5.44974e+05 6.00000e+21
-2.04089e+04 -3.68792e+04 -8.52567e+05 4.71808e+05 6.00000e+21
1.14502e+05 -1.51219e+05 -3.66200e+05 -2.77284e+05 6.00000e+21
5.72239e+04 -3.37121e+05 -3.37282e+05 -5.72513e+04 6.00000e+21
-4.82235e+03 -6.06672e+04 -8.08369e+05 6.42561e+04 6.00000e+21
-9.40043e+04 4.51467e+05 2.88404e+05 6.00514e+04 6.00000e+21
-1.27200e+04 3.69743e+05 3.28703e+05 1.13081e+04 6.00000e+21
-1.83345e+03 -1.60829e+04 -1.56225e+06 1.78097e+05 6.00000e+21
5.53395e+04 5.74804e+04 5.10193e+05 -4.91191e+05 6.00000e+21
3.57700e+05 -2.14084e+05 -1.59118e+05 -2.65862e+05 6.00000e+21
9.44304e+04 2.69246e+05 3.53409e+05 -1.23948e+05 6.00000e+21
-1.05954e+05 -3.14858e+05 -3.28957e+05 1.10699e+05 6.00000e+21
2.18215e+05 -2.55463e+05 -2.62426e+05 -2.24163e+05 6.00000e+21
4.75250e+03 1.76741e+04 1.42801e+06 -3.83985e+05 6.00000e+21
5.70375e+03 4.89232e+04 8.95331e+05 -1.04383e+05 6.00000e+21
5.06514e+04 -6.18174e+04 -5.47368e+05 -4.48497e+05 6.00000e+21
-2.45266e+04 8.23323e+04 6.54123e+05 1.94862e+05 6.00000e+21
-1.66066e+05 8.15723e+04 2.05048e+05 4.17441e+05 6.00000e+21
-1.28795e+05 4.31267e+05 2.85719e+05 8.53276e+04 6.00000e+21
-1.55371e+05 7.32628e+02 2.39309e+03 5.07512e+05 6.00000e+21
3.78961e+04 1.33148e+05 5.17130e+05 -1.47184e+05 6.00000e+21
-3.72929e+04 4.06410e+04 6.27603e+05 5.75900e+05 6.00000e+21
7.76072e+04 1.09940e+05 4.45514e+05 -3.14490e+05 6.00000e+21
-7.05869e+04 -1.48401e+05 -4.45644e+05 2.11970e+05 6.00000e+21
-1.30536e+05 3.74015e+04 1.49531e+05 5.21884e+05 6.00000e+21
3.70487e+05 -2.47275e+05 -1.66400e+05 -2.49314e+05 6.00000e+21
9.71845e+04 -7.45454e+04 -3.47897e+05 -4.53552e+05 6.00000e+21
3.20001e+05 8.97163e+04 9.36776e+04 -3.34131e+05 6.00000e+21
4.13597e+03 -1.88137e+05 -4.61046e+05 -1.01355e+04 6.00000e+21
-6.05071e+03 -7.64043e+04 -7.20350e+05 5.70469e+04 6.00000e+21
1.50167e+05 2.20621e+05 3.20122e+05 -2.17894e+05 6.00000e+21
-2.12101e+05 7.17574e+04 1.35486e+05 4.00470e+05 6.00000e+21
-2.37728e+03 4.96247e+04 8.96485e+05 4.29462e+04 6.00000e+21
1.70643e+05 1.82093e+05 2.92204e+05 -2.73830e+05 6.00000e+21
1.80427e+05 -2.39443e+05 -2.91789e+05 -2.19871e+05 6.00000e+21
-5.02292e+04 6.44799e+04 5.52014e+05 4.30013e+05 6.00000e+21
1.98544e+04 4.05637e+03 2.81301e+05 -1.37686e+06 6.00000e+21
9.91660e+03 -1.90693e+05 -4.57185e+05 -2.37750e+04 6.00000e+21
-1.18609e+05 -2.17279e+05 -3.52920e+05 1.92653e+05 6.00000e+21
1.26875e+05 2.81771e+05 3.28140e+05 -1.47753e+05 6.00000e+21
-2.40170e+05 -1.94867e+05 -2.26646e+05 2.79336e+05 6.00000e+21
3.68319e+05 -1.80846e+05 -1.37645e+05 -2.80334e+05 6.00000e+21
-2.77406e+05 -1.60735e+05 -1.77128e+05 3.05698e+05 6.00000e+21
3.93020e+05 1.24681e+05 9.42068e+04 -2.96960e+05 6.00000e+21
2.46420e+05 3.69031e+05 2.49750e+05 -1.66770e+05 6.00000e+21
2.58279e+04 -3.06470e+05 -3.59450e+05 -3.02928e+04 6.00000e+21
2.31953e+04 1.78173e+04 7.12563e+05 -9.27645e+05 6.00000e+21
-2.01140e+05 -1.64061e+05 -2.48187e+05 3.04278e+05 6.00000e+21
4.21014e+05 4.23923e+04 3.08102e+04 -3.05988e+05 6.00000e+21
1.74649e+04 3.64753e+04 8.97233e+05 -4.29610e+05 6.00000e+21
1.38810e+05 1.09987e+05 2.95217e+05 -3.72583e+05 6.00000e+21
3.49912e+03 -1.97613e+03 -1.55184e+06 -2.74783e+06 6.00000e+21
-1.93268e+05 -1.38454e+05 -2.38935e+05 3.33530e+05 6.00000e+21
-9.04501e+04 -2.04888e+05 -3.86709e+05 1.70717e+05 6.00000e+21
-1.00515e+05 1.14213e+05 3.85009e+05 3.38834e+05 6.00000e+21
-3.44117e+05 -4.04847e+04 -3.97094e+04 3.37527e+05 6.00000e+21
1.35385e+05 -8.80803e+04 -2.71453e+05 -4.17242e+05 6.00000e+21
-1.53025e+05 1.93491e+05 3.15919e+05 2.49848e+05 6.00000e+21
3.31472e+04 7.30643e+04 6.43168e+05 -2.91787e+05 6.00000e+21
7.55498e+04 1.80851e+05 4.16951e+05 -1.74180e+05 6.00000e+21
3.73840e+04 8.42646e+04 6.02272e+05 -2.67198e+05 6.00000e+21
-3.51857e+05 -9.57874e+04 -8.70182e+04 3.19645e+05 6.00000e+21
-1.37581e+03 -2.37861e+04 -1.29387e+06 7.48381e+04 6.00000e+21
2.52478e+05 6.04865e+04 9.14712e+04 -3.81812e+05 6.00000e+21
-1.00803e+05 5.12203e+04 2.69502e+05 5.30387e+05 6.00000e+21
6.65627e+04 4.55825e+04 3.97954e+05 -5.81120e+05 6.00000e+21
3.34291e+05 1.09213e+05 1.04759e+05 -3.20660e+05 6.00000e+21
3.48248e+05 -1.93505e+05 -1.53941e+05 -2.77046e+05 6.00000e+21
9.62541e+04 -2.97462e+05 -3.40399e+05 -1.10148e+05 6.00000e+21
1.14015e+04 9.71392e+04 6.35308e+05 -7.45678e+04 6.00000e+21
-3.03883e+05 -3.02216e+05 -2.15482e+05 2.16670e+05 6.00000e+21
-1.48994e+05 4.37694e+05 2.78510e+05 9.48069e+04 6.00000e+21
1.55776e+05 3.47752e+05 2.95759e+05 -1.32486e+05 6.00000e+21
-3.94189e+04 1.11827e+05 5.47919e+05 1.93141e+05 6.00000e+21
-4.59572e+04 4.58154e+05 2.93340e+05 2.94249e+04 6.00000e+21
2.08477e+05 1.30837e+05 2.14347e+05 -3.41542e+05 6.00000e+21
-5.11088e+04 7.87920e+04 5.47657e+05 3.55240e+05 6.00000e+21
1.33821e+04 7.05504e+03 7.58524e+05 -1.43878e+06 6.00000e+21
-8.31598e+04 -4.87699e+04 -3.25939e+05 5.55774e+05 6.00000e+21
6.79729e+02 2.17789e+02 2.28476e+06 -7.13082e+06 6.00000e+21
-2.02783e+04 -1.34907e+03 -9.31507e+04 1.40018e+06 6.00000e+21
-6.44796e+04 1.78003e+05 4.32280e+05 1.56589e+05 6.00000e+21
1.87236e+05 2.06167e+05 2.80621e+05 -2.54854e+05 6.00000e+21
8.23812e+04 -2.01059e+05 -3.97125e+05 -1.62716e+05 6.00000e+21
-1.19057e+04 1.30754e+04 1.11233e+06 1.01283e+06 6.00000e+21
-1.40877e+05 -3.42744e+05 -3.03955e+05 1.24933e+05 6.00000e+21
-6.03404e+04 2.78896e+05 3.66030e+05 7.91921e+04 6.00000e+21
-3.52090e+05 -3.00984e+05 -1.90995e+05 2.23425e+05 6.00000e+21
-1.56259e+05 -2.44137e+05 -3.12958e+05 2.00308e+05 6.00000e+21
-1.80374e+03 -2.05105e+02 -5.30481e+05 4.66517e+06 6.00000e+21
8.33496e+02 7.80421e+03 2.24533e+06 -2.39803e+05 6.00000e+21
6.62508e+02 6.56784e+03 2.44979e+06 -2.47114e+05 6.00000e+21
4.40825e+05 -4.28594e+04 -2.90885e+04 -2.99186e+05 6.00000e+21
-1.45799e+05 -8.95785e+04 -2.53159e+05 4.12047e+05 6.00000e+21
-7.25328e+02 -1.12588e+05 -5.96182e+05 3.84079e+03 6.00000e+21
1.20322e+05 -2.14669e+05 -3.51777e+05 -1.97171e+05 6.00000e+21
-1.31546e+05 1.21050e+04 5.04361e+04 5.48092e+05 6.00000e+21
3.39125e+04 6.07112e+04 6.62291e+05 -3.69948e+05 6.00000e+21
-4.06920e+05 -1.53186e+05 -1.06887e+05 2.83933e+05 6.00000e+21
-8.07204e+04 -4.74063e+04 -3.31116e+05 5.63802e+05 6.00000e+21
-2.70427e+05 8.10550e+04 1.08099e+05 3.60655e+05 6.00000e+21
3.07971e+05 3.51609e+05 2.20114e+05 -1.92795e+05 6.00000e+21
-3.69644e+05 4.03519e+04 3.56015e+04 3.26128e+05 6.00000e+21
-1.17287e+05 1.26417e+05 3.53156e+05 3.27650e+05 6.00000e+21
1.57020e+05 1.20195e+05 2.73447e+05 -3.57227e+05 6.00000e+21
-3.19484e+05 -8.73408e+04 -9.16652e+04 3.35303e+05 6.00000e+21
-5.69491e+04 -4.32902e+05 -3.00162e+05 3.94869e+04 6.00000e+21
9.02270e+04 -7.88099e+04 -3.80222e+05 -4.35304e+05 6.00000e+21
1.84349e+05 2.16351e+04 5.41227e+04 -4.61172e+05 6.00000e+21
3.27973e+04 2.53394e+05 3.92490e+05 -5.08009e+04 6.00000e+21
4.17463e+05 -2.03698e+05 -1.28717e+05 -2.63795e+05 6.00000e+21
3.38674e+05 -1.29550e+05 -1.18692e+05 -3.10290e+05 6.00000e+21
4.31805e+04 4.73580e+03 1.04642e+05 -9.54114e+05 6.00000e+21
-1.38835e+03 1.47809e+04 1.63466e+06 1.53542e+05 6.00000e+21
8.84483e+03 -1.60994e+04 -1.29365e+06 -7.10718e+05 6.00000e+21
2.07442e+05 -4.11025e+05 -2.63205e+05 -1.32839e+05 6.00000e+21
-4.17325e+05 1.14733e+05 8.06090e+04 2.93203e+05 6.00000e+21
-1.03528e+05 3.47309e+05 3.18459e+05 9.49281e+04 6.00000e+21
5.49792e+03 -3.27072e+04 -1.08328e+06 -1.82094e+05 6.00000e+21
4.02389e+05 -1.11073e+05 -8.23874e+04 -2.98468e+05 6.00000e+21
1.99159e+04 8.87030e+04 6.47366e+05 -1.45349e+05 6.00000e+21
2.85889e+05 2.81006e+05 2.21487e+05 -2.25336e+05 6.00000e+21
-5.47434e+04 1.16872e+05 5.04282e+05 2.36209e+05 6.00000e+21
-2.71813e+04 1.29499e+05 5.38223e+05 1.12971e+05 6.00000e+21
2.44266e+05 -3.11950e+05 -2.50232e+05 -1.95939e+05 6.00000e+21
3.82144e+05 1.63935e+05 1.22306e+05 -2.85104e+05 6.00000e+21
-2.28328e+05 -2.39342e+05 -2.51675e+05 2.40094e+05 6.00000e+21
2.89186e+05 1.19657e+05 1.36721e+05 -3.30426e+05 6.00000e+21
-2.02744e+03 -6.99297e+04 -7.56021e+05 2.19190e+04 6.00000e+21
2.77341e+05 -1.48564e+05 -1.68407e+05 -3.14385e+05 6.00000e+21
-4.12660e+05 -1.52949e+05 -1.04802e+05 2.82758e+05 6.00000e+21
2.56634e+05 5.05478e+04 7.55916e+04 -3.83782e+05 6.00000e+21
2.22231e+05 1.71272e+05 2.30546e+05 -2.99142e+05 6.00000e+21
-9.54256e+03 -9.69526e+03 -1.22241e+06 1.20315e+06 6.00000e+21
-3.59206e+05 6.55881e+03 6.09311e+03 3.33701e+05 6.00000e+21
2.77895e+05 2.14161e+05 2.06163e+05 -2.67517e+05 6.00000e+21
-2.74868e+04 3.29750e+05 3.46570e+05 2.88888e+04 6.00000e+21
1.30645e+05 -1.43279e+05 -3.35705e+05 -3.06102e+05 6.00000e+21
-4.44811e+04 2.70886e+04 4.55948e+05 7.48692e+05 6.00000e+21
9.11301e+04 4.77424e+04 2.89437e+05 -5.52474e+05 6.00000e+21
-1.28900e+05 -1.18307e+05 -3.23396e+05 3.52350e+05 6.00000e+21
-1.36336e+04 7.11629e+04 7.29912e+05 1.39839e+05 6.00000e+21
-1.66965e+05 -2.63279e+05 -3.02572e+05 1.91884e+05 6.00000e+21
4.01167e+05 -4.04296e+03 -3.18286e+03 -3.15822e+05 6.00000e+21
1.09159e+05 3.24199e+04 1.68782e+05 -5.68296e+05 6.00000e+21
3.04908e+05 1.50036e+02 1.78271e+02 -3.62288e+05 6.00000e+21
-4.20018e+05 2.43721e+04 1.78663e+04 3.07900e+05 6.00000e+21
1.62856e+04 3.42316e+04 9.27829e+05 -4.41413e+05 6.00000e+21
7.42504e+04 -4.30334e+05 -2.98319e+05 -5.14723e+04 6.00000e+21
-1.76377e+05 -2.85215e+05 -2.93814e+05 1.81695e+05 6.00000e+21
-1.67340e+05 1.95381e+05 2.99566e+05 2.56573e+05 6.00000e+21
9.31488e+04 4.03483e+03 2.83523e+04 -6.54545e+05 6.00000e+21
1.06183e+05 -9.94034e+03 -5.70970e+04 -6.09913e+05 6.00000e+21
2.62448e+05 3.50986e+05 2.42010e+05 -1.80962e+05 6.00000e+21
-3.03062e+05 1.36204e+05 1.42268e+05 3.16555e+05 6.00000e+21
4.33122e+05 5.40367e+04 3.74870e+04 -3.00471e+05 6.00000e+21
-2.78437e+05 -1.82624e+05 -1.90134e+05 2.89888e+05 6.00000e+21
-1.99089e+05 -3.10824e+05 -2.77271e+05 1.77598e+05 6.00000e+21
2.99929e+05 -3.39425e+05 -2.22742e+05 -1.96823e+05 6.00000e+21
1.72199e+05 -8.11617e+04 -1.95479e+05 -4.14744e+05 6.00000e+21
6.39475e+04 2.07441e+04 2.38072e+05 -7.33900e+05 6.00000e+21
3.34516e+05 -1.70316e+05 -1.48146e+05 -2.90973e+05 6.00000e+21
9.55932e+04 -1.67574e+05 -3.95613e+05 -2.25679e+05 6.00000e+21
-3.92469e+05 -8.45998e+04 -6.65282e+04 3.08633e+05 6.00000e+21
3.17650e+05 2.08135e+05 1.77914e+05 -2.71528e+05 6.00000e+21
-2.41996e+04 -2.07460e+04 -7.29285e+05 8.50690e+05 6.00000e+21
-1.10844e+05 1.78346e+05 3.70783e+05 2.30446e+05 6.00000e+21
-5.19818e+04 -1.75428e+05 -4.48411e+05 1.32870e+05 6.00000e+21
-4.43340e+04 -2.58163e+05 -3.85234e+05 6.61557e+04 6.00000e+21
-3.02944e+04 4.14815e+05 3.09370e+05 2.25937e+04 6.00000e+21
1.36122e+04 2.59572e+05 3.91846e+05 -2.05487e+04 6.00000e+21
3.43833e+05 -2.37435e+05 -1.75856e+05 -2.54659e+05 6.00000e+21
9.14083e+04 -4.08655e+04 -2.58028e+05 -5.77159e+05 6.00000e+21
-3.70818e+04 1.13639e+05 5.50069e+05 1.79494e+05 6.00000e+21
2.16547e+05 1.75607e+05 2.38637e+05 -2.94271e+05 6.00000e+21
3.21709e+05 -1.95862e+05 -1.69511e+05 -2.78426e+05 6.00000e+21
2.80478e+05 -1.80280e+05 -1.87327e+05 -2.91441e+05 6.00000e+21
3.04538e+05 -6.12777e+04 -7.08028e+04 -3.51876e+05 6.00000e+21
2.28337e+04 -1.43729e+05 -5.17902e+05 -8.22773e+04 6.00000e+21
-3.73855e+04 -1.50536e+05 -4.92974e+05 1.22430e+05 6.00000e+21
-5.08762e+04 -4.22903e+05 -3.04325e+05 3.66111e+04 6.00000e+21
3.07178e+04 1.13051e+05 5.64026e+05 -1.53255e+05 6.00000e+21
-8.01126e+01 -3.95484e+03 -3.18010e+06 6.44187e+04 6.00000e+21
-5.38804e+04 -1.90810e+05 -4.32364e+05 1.22089e+05 6.00000e+21
3.75452e+04 -8.39676e+04 -6.02164e+05 -2.69251e+05 6.00000e+21
7.73932e+04 -1.25279e+05 -4.43511e+05 -2.73986e+05 6.00000e+21
1.17749e+05 -2.79812e+05 -3.34657e+05 -1.40829e+05 6.00000e+21
-9.39040e+02 -1.74089e+05 -4.79450e+05 2.58616e+03 6.00000e+21
-7.41234e+04 -6.74056e+04 -4.25212e+05 4.67590e+05 6.00000e+21
-3.31732e+05 -1.98168e+05 -1.65041e+05 2.76277e+05 6.00000e+21
-3.62849e+05 -2.34872e+04 -2.14299e+04 3.31065e+05 6.00000e+21
-3.51141e+04 -3.75768e+04 -6.44521e+05 6.02281e+05 6.00000e+21
-3.91179e+04 9.41240e+04 5.78618e+05 2.40473e+05 6.00000e+21
2.20405e+04 -1.12614e+05 -5.79560e+05 -1.13430e+05 6.00000e+21
-1.94650e+04 5.58188e+04 7.76906e+05 2.70922e+05 6.00000e+21
2.06057e+05 -6.79484e+03 -1.45205e+04 -4.40342e+05 6.00000e+21
-3.30990e+04 -3.62643e+03 -1.19401e+05 1.08979e+06 6.00000e+21
9.43821e+03 -3.77616e+04 -9.83729e+05 -2.45875e+05 6.00000e+21
-2.50181e+05 -2.57951e+05 -2.39556e+05 2.32340e+05 6.00000e+21
2.28188e+05 -2.46122e+05 -2.53223e+05 -2.34771e+05 6.00000e+21
7.71072e+03 4.07200e+05 3.13414e+05 -5.93478e+03 6.00000e+21
-3.28522e+05 1.03028e+04 1.09377e+04 3.48767e+05 6.00000e+21
2.55371e+05 3.80840e+05 2.45371e+05 -1.64533e+05 6.00000e+21
1.84074e+04 3.90202e+05 3.19720e+05 -1.50825e+04 6.00000e+21
-1.42881e+05 -1.94510e+05 -3.28181e+05 2.41072e+05 6.00000e+21
-1.57424e+05 1.09280e+05 2.60594e+05 3.75399e+05 6.00000e+21
2.15882e+05 -9.72396e+04 -1.68845e+05 -3.74854e+05 6.00000e+21
-1.80471e+05 1.44068e+05 2.59720e+05 3.25346e+05 6.00000e+21
-1.22448e+04 4.71174e+05 2.91292e+05 7.57005e+03 6.00000e+21
3.66196e+03 7.06352e+03 1.99109e+06 -1.03224e+06 6.00000e+21
1.81082e+04 3.51272e+05 3.36862e+05 -1.73654e+04 6.00000e+21
2.44537e+04 -1.85074e+04 -6.89385e+05 -9.10881e+05 6.00000e+21
-9.35238e+01 -8.28716e+03 -2.19732e+06 2.47976e+04 6.00000e+21
-3.87181e+04 -5.84021e+04 -6.29887e+05 4.17588e+05 6.00000e+21
-2.43999e+05 3.43556e+05 2.51255e+05 1.78446e+05 6.00000e+21
-2.66149e+05 -3.44457e+04 -4.95651e+04 3.82971e+05 6.00000e+21
-9.26946e+04 -1.41881e+04 -9.88415e+04 6.45756e+05 6.00000e+21
-5.66945e+02 -2.35423e+04 -1.30324e+06 3.13846e+04 6.00000e+21
-1.32232e+05 1.28974e+04 5.32782e+04 5.46243e+05 6.00000e+21
-2.26285e+05 1.14018e+05 1.78828e+05 3.54909e+05 6.00000e+21
-8.95760e+04 -7.08008e+03 -5.25848e+04 6.65295e+05 6.00000e+21
-2.88873e+05 -2.55596e+05 -2.13447e+05 2.41237e+05 6.00000e+21
-4.23328e+04 -1.85485e+05 -4.47142e+05 1.02050e+05 6.00000e+21
-3.14136e+05 2.61624e+05 2.00230e+05 2.40419e+05 6.00000e+21
1.17128e+05 3.60484e+04 1.68096e+05 -5.46174e+05 6.00000e+21
3.94092e+04 5.63181e+04 6.25170e+05 -4.37470e+05 6.00000e+21
-1.25060e+05 -4.22339e+04 -1.76174e+05 5.21676e+05 6.00000e+21
3.98860e+05 -6.74385e+04 -5.24366e+04 -3.10132e+05 6.00000e+21
1.35545e+04 -9.97528e+04 -6.24765e+05 -8.48936e+04 6.00000e+21
-1.74559e+04 -2.93787e+04 -9.30336e+05 5.52776e+05 6.00000e+21
-9.76011e+04 2.15514e+04 1.36435e+05 6.17881e+05 6.00000e+21
8.05305e+03 -1.32971e+04 -1.37242e+06 -8.31171e+05 6.00000e+21
1.77570e+05 -3.12292e+05 -2.90143e+05 -1.64977e+05 6.00000e+21
8.00859e+04 1.23598e+05 4.37474e+05 -2.83463e+05 6.00000e+21
-2.68832e+04 -3.42108e+04 -7.54091e+05 5.92574e+05 6.00000e+21
-1.59077e+05 -1.78583e+05 -3.05455e+05 2.72090e+05 6.00000e+21
2.20018e+05 -2.15490e+05 -2.52237e+05 -2.57537e+05 6.00000e+21
1.15127e+04 -6.65203e+04 -7.58662e+05 -1.31302e+05 6.00000e+21
-2.03626e+05 -3.04493e+05 -2.74758e+05 1.83742e+05 6.00000e+21
1.59487e+05 3.99638e+05 2.83249e+05 -1.13039e+05 6.00000e+21
-8.07670e+04 -5.43364e+04 -3.57906e+05 5.32001e+05 6.00000e+21
1.49249e+05 4.42572e+05 2.77372e+05 -9.35387e+04 6.00000e+21
7.31854e+04 -6.86009e+04 -4.31966e+05 -4.60833e+05 6.00000e+21
7.86663e+04 -6.81951e+04 -4.06117e+05 -4.68475e+05 6.00000e+21
1.10537e+04 -2.51910e+04 -1.10449e+06 -4.84642e+05 6.00000e+21
3.80906e+04 1.60778e+04 3.82589e+05 -9.06412e+05 6.00000e+21
8.13557e+04 -1.40560e+05 -4.29631e+05 -2.48669e+05 6.00000e+21
-4.46545e+05 9.25471e+04 6.01181e+04 2.90073e+05 6.00000e+21
-9.70029e+04 5.37298e+04 2.91085e+05 5.25519e+05 6.00000e+21
2.63981e+04 -4.47978e+05 -2.98113e+05 -1.75670e+04 6.00000e+21
8.96911e+04 -4.37642e+05 -2.93209e+05 -6.00908e+04 6.00000e+21
-1.16361e+05 -2.70373e+05 -3.38694e+05 1.45765e+05 6.00000e+21
-4.05824e+05 -1.30007e+05 -9.34926e+04 2.91842e+05 6.00000e+21
1.68040e+05 1.37550e+05 2.71916e+05 -3.32192e+05 6.00000e+21
-1.87949e+04 4.36020e+05 3.02539e+05 1.30411e+04 6.00000e+21
-1.19130e+05 5.35826e+03 2.60301e+04 5.78723e+05 6.00000e+21
1.46267e+05 -1.06741e+05 -2.77131e+05 -3.79754e+05 6.00000e+21
1.19141e+05 -3.78595e+05 -3.02896e+05 -9.53193e+04 6.00000e+21
-2.26376e+05 2.86871e+05 2.59785e+05 2.05002e+05 6.00000e+21
-5.83815e+04 -2.87201e+05 -3.62124e+05 7.36117e+04 6.00000e+21
1.29194e+05 6.01496e+04 2.23669e+05 -4.80412e+05 6.00000e+21
-3.25021e+05 -2.26767e+05 -1.81830e+05 2.60614e+05 6.00000e+21
7.79063e+04 -1.67806e+04 -1.49216e+05 -6.92756e+05 6.00000e+21
-1.51003e+05 9.21437e+04 2.47756e+05 4.06018e+05 6.00000e+21
2.76877e+04 4.37347e+05 3.01594e+05 -1.90934e+04 6.00000e+21
-1.36238e+05 -3.69678e+05 -2.99051e+05 1.10210e+05 6.00000e+21
-6.07936e+04 4.28467e+05 3.01084e+05 4.27197e+04 6.00000e+21
-9.75225e+03 2.17672e+04 1.18210e+06 5.29611e+05 6.00000e+21
-1.85718e+04 -4.03966e+04 -8.62009e+05 3.96297e+05 6.00000e+21
-7.84171e+04 -3.43463e+05 -3.28585e+05 7.50201e+04 6.00000e+21
1.11209e+05 3.26148e+05 3.22556e+05 -1.09984e+05 6.00000e+21
3.01515e+05 3.24315e+05 2.20172e+05 -2.04693e+05 6.00000e+21
7.13567e+04 -1.13062e+05 -4.62673e+05 -2.92005e+05 6.00000e+21
4.90900e+04 4.35239e+05 3.00370e+05 -3.38783e+04 6.00000e+21
-1.71891e+05 -2.09844e+05 -2.97140e+05 2.43398e+05 6.00000e+21
-3.94266e+04 -8.63915e+03 -2.13133e+05 9.72678e+05 6.00000e+21
3.31035e+05 1.88266e+04 1.97265e+04 -3.46857e+05 6.00000e+21
1.16082e+05 -1.69861e+05 -3.64135e+05 -2.48849e+05 6.00000e+21
-1.49851e+05 -1.97211e+05 -3.20053e+05 2.43193e+05 6.00000e+21
4.76000e+03 6.41982e+03 1.79755e+06 -1.33280e+06 6.00000e+21
1.28087e+05 -1.87657e+05 -3.46642e+05 -2.36603e+05 6.00000e+21
1.13660e+05 1.23661e+05 3.59387e+05 -3.30322e+05 6.00000e+21
1.33698e+05 -1.15451e+05 -3.11084e+05 -3.60251e+05 6.00000e+21
2.97340e+05 -2.92711e+05 -2.17268e+05 -2.20704e+05 6.00000e+21
2.78762e+04 1.49774e+05 5.03881e+05 -9.37831e+04 6.00000e+21
3.09918e+04 9.88190e+03 3.36954e+05 -1.05676e+06 6.00000e+21
1.96249e+05 1.05290e+05 2.00408e+05 -3.73540e+05 6.00000e+21
-2.63870e+04 5.83816e+04 7.20203e+05 3.25513e+05 6.00000e+21
4.11663e+04 8.34107e+04 5.88197e+05 -2.90297e+05 6.00000e+21
-2.47805e+05 -1.79347e+05 -2.12066e+05 2.93013e+05 6.00000e+21
4.01809e+04 2.30359e+05 4.07543e+05 -7.10865e+04 6.00000e+21
1.51644e+05 4.45421e+05 2.76078e+05 -9.39910e+04 6.00000e+21
4.41964e+05 -5.68211e+04 -3.82144e+04 -2.97238e+05 6.00000e+21
1.56453e+05 -3.25127e+05 -3.00103e+05 -1.44411e+05 6.00000e+21
1.61672e+04 -6.78732e+04 -7.36739e+05 -1.75489e+05 6.00000e+21
1.06826e+05 1.45459e+03 8.33302e+03 -6.11983e+05 6.00000e+21
-4.00973e+05 -6.74469e+04 -5.20402e+04 3.09381e+05 6.00000e+21
-3.34930e+05 1.70487e+05 1.48031e+05 2.90814e+05 6.00000e+21
9.38735e+04 4.60022e+05 2.86062e+05 -5.83747e+04 6.00000e+21
-7.89528e+02 1.71726e+04 1.52417e+06 7.00755e+04 6.00000e+21
-2.30593e+05 -2.06396e+05 -2.39833e+05 2.67951e+05 6.00000e+21
-5.64617e+03 -7.11481e+03 -1.64423e+06 1.30483e+06 6.00000e+21
-3.46631e+05 2.44826e+05 1.77163e+05 2.50832e+05 6.00000e+21
3.14750e+04 4.38561e+04 6.99516e+05 -5.02035e+05 6.00000e+21
7.12262e+04 -1.32219e+05 -4.54464e+05 -2.44819e+05 6.00000e+21
2.44693e+04 1.93296e+04 7.02239e+05 -8.88962e+05 6.00000e+21
3.77456e+05 -7.91708e+04 -6.61274e+04 -3.15270e+05 6.00000e+21
-4.11555e+04 1.88768e+04 3.91954e+05 8.54542e+05 6.00000e+21
3.74692e+05 5.42134e+04 4.65569e+04 -3.21775e+05 6.00000e+21
6.27810e+03 -1.47926e+04 -1.45268e+06 -6.16532e+05 6.00000e+21
-4.01155e+05 -1.05191e+05 -7.87934e+04 3.00485e+05 6.00000e+21
8.71905e+04 -4.64601e+05 -2.85972e+05 -5.36677e+04 6.00000e+21
-7.54771e+04 -2.60951e+05 -3.68714e+05 1.06646e+05 6.00000e+21
-4.41226e+05 -4.23073e+04 -2.86802e+04 2.99107e+05 6.00000e+21
-1.73157e+03 2.26838e+03 2.97667e+06 2.27224e+06 6.00000e+21
1.62732e+05 1.04029e+05 2.45176e+05 -3.83528e+05 6.00000e+21
2.79124e+04 -2.00024e+05 -4.40875e+05 -6.15220e+04 6.00000e+21
1.65078e+05 7.61909e+04 1.96610e+05 -4.25983e+05 6.00000e+21
9.66621e+04 -2.38983e+05 -3.65261e+05 -1.47738e+05 6.00000e+21
-1.35695e+05 1.57279e+05 3.32334e+05 2.86726e+05 6.00000e+21
-3.19415e+04 2.94558e+04 6.50616e+05 7.05520e+05 6.00000e+21
-2.58275e+05 -1.73290e+05 -1.99859e+05 2.97874e+05 6.00000e+21
2.44095e+05 -1.45611e+05 -1.92237e+05 -3.22255e+05 6.00000e+21
2.48102e+05 2.73512e+05 2.43832e+05 -2.21180e+05 6.00000e+21
2.54094e+05 -7.13514e+04 -1.05276e+05 -3.74904e+05 6.00000e+21
-2.79917e+05 2.95810e+04 3.96268e+04 3.74978e+05 6.00000e+21
-2.33353e+04 -3.69964e+04 -8.09032e+05 5.10293e+05 6.00000e+21
-1.02020e+05 -1.23295e+05 -3.85282e+05 3.18801e+05 6.00000e+21
-6.66312e+04 -3.41308e+04 -3.33331e+05 6.50738e+05 6.00000e+21
-3.76582e+05 -2.39115e+05 -1.60554e+05 2.52857e+05 6.00000e+21
1.01671e+05 -3.23725e+05 -3.27649e+05 -1.02904e+05 6.00000e+21
5.37400e+04 1.15328e+05 5.08356e+05 -2.36881e+05 6.00000e+21
-4.33791e+03 3.70811e+05 3.28487e+05 3.84279e+03 6.00000e+21
2.09933e+04 3.33171e+04 8.52902e+05 -5.37419e+05 6.00000e+21
-1.33133e+05 -6.47124e+04 -2.27307e+05 4.67640e+05 6.00000e+21
-9.21911e+04 1.87693e+05 3.92661e+05 1.92867e+05 6.00000e+21
2.46856e+05 -3.00855e+05 -2.47908e+05 -2.03412e+05 6.00000e+21
-6.27047e+04 1.26200e+05 4.77244e+05 2.37127e+05 6.00000e+21
-7.29420e+04 1.39864e+05 4.46606e+05 2.32913e+05 6.00000e+21
2.65976e+05 -1.13487e+05 -1.45997e+05 -3.42167e+05 6.00000e+21
-9.15603e+04 -3.02353e+05 -3.40645e+05 1.03156e+05 6.00000e+21
1.27302e+05 4.46978e+05 2.82223e+05 -8.03788e+04 6.00000e+21
1.51784e+05 1.25376e+05 2.87136e+05 -3.47614e+05 6.00000e+21
6.69333e+04 3.88214e+05 3.14095e+05 -5.41542e+04 6.00000e+21
4.24025e+05 -1.33863e+04 -9.69145e+03 -3.06986e+05 6.00000e+21
2.19902e+05 -1.21680e+04 -2.35515e+04 -4.25626e+05 6.00000e+21
-7.43356e+04 -9.73623e+04 -4.54306e+05 3.46860e+05 6.00000e+21
1.46165e+05 4.07023e+05 2.86300e+05 -1.02812e+05 6.00000e+21
-2.41406e+04 -2.19362e+05 -4.23289e+05 4.65826e+04 6.00000e+21
-1.62994e+05 1.53030e+04 4.62167e+04 4.92259e+05 6.00000e+21
-4.97544e+04 1.23849e+05 5.08111e+05 2.04126e+05 6.00000e+21
-9.22725e+04 4.30566e+05 2.94776e+05 6.31721e+04 6.00000e+21
-1.57291e+04 -2.46539e+05 -4.01673e+05 2.56265e+04 6.00000e+21
2.40544e+05 9.54600e+03 1.61680e+04 -4.07407e+05 6.00000e+21
3.75691e+05 -3.41441e+04 -2.94801e+04 -3.24372e+05 6.00000e+21
4.33485e+04 7.17391e+03 1.55823e+05 -9.41565e+05 6.00000e+21
2.17187e+05 -2.30444e+05 -2.58708e+05 -2.43825e+05 6.00000e+21
-5.27159e+04 -9.42120e+04 -5.31330e+05 2.97303e+05 6.00000e+21
2.75798e+05 -1.42702e+05 -1.64974e+05 -3.18842e+05 6.00000e+21
2.33699e+05 3.42301e+04 5.96550e+04 -4.07283e+05 6.00000e+21
-2.64552e+05 -2.73571e+05 -2.33113e+05 2.25428e+05 6.00000e+21
-6.10572e+03 6.39004e+03 1.53852e+06 1.47006e+06 6.00000e+21
2.84059e+05 7.34164e+03 9.69620e+03 -3.75160e+05 6.00000e+21
-2.13052e+05 -1.61178e+05 -2.33513e+05 3.08667e+05 6.00000e+21
-1.03663e+05 -3.90084e+05 -3.04322e+05 8.08717e+04 6.00000e+21
6.36790e+04 2.57923e+04 2.86520e+05 -7.07393e+05 6.00000e+21
3.72533e+05 -3.03781e+03 -2.67257e+03 -3.27744e+05 6.00000e+21
5.49485e+04 -4.65067e+04 -4.81690e+05 -5.69125e+05 6.00000e+21
1.21952e+03 6.50997e+03 2.41610e+06 -4.52610e+05 6.00000e+21
3.82783e+05 2.36491e+05 1.56752e+05 -2.53718e+05 6.00000e+21
-5.28979e+03 -1.00676e+05 -6.29185e+05 3.30592e+04 6.00000e+21
9.55277e+04 3.16251e+05 3.33182e+05 -1.00642e+05 6.00000e+21
-1.47356e+05 -7.87776e+04 -2.30732e+05 4.31592e+05 6.00000e+21
-4.31002e+04 -1.91526e+05 -4.40488e+05 9.91255e+04 6.00000e+21
-1.00736e+03 2.17210e+03 3.70889e+06 1.72009e+06 6.00000e+21
4.07670e+05 4.58397e+04 3.49000e+04 -3.10379e+05 6.00000e+21
-2.03364e+05 3.48038e+05 2.72051e+05 1.58963e+05 6.00000e+21
2.26274e+05 1.67631e+05 2.24408e+05 -3.02913e+05 6.00000e+21
-1.95410e+05 -3.28942e+05 -2.78054e+05 1.65180e+05 6.00000e+21
1.59031e+05 -1.84432e+05 -3.07009e+05 -2.64726e+05 6.00000e+21
-1.11789e+05 3.91922e+04 1.92299e+05 5.48502e+05 6.00000e+21
-1.97766e+05 3.63914e+05 2.73120e+05 1.48425e+05 6.00000e+21
1.34342e+05 3.22863e+05 3.12333e+05 -1.29961e+05 6.00000e+21
1.06597e+03 -6.11230e+02 -2.83878e+06 -4.95078e+06 6.00000e+21
-1.21406e+04 -1.34529e+05 -5.42112e+05 4.89234e+04 6.00000e+21
-1.46181e+04 7.78164e+04 6.98726e+05 1.31258e+05 6.00000e+21
-1.08820e+05 2.72226e+05 3.43074e+05 1.37141e+05 6.00000e+21
2.30114e+04 6.38801e+04 7.22296e+05 -2.60191e+05 6.00000e+21
-8.07007e+04 -2.05236e+04 -1.70869e+05 6.71872e+05 6.00000e+21
-2.10405e+05 8.85918e+04 1.62475e+05 3.85877e+05 6.00000e+21
2.15792e+05 7.50699e+04 1.37512e+05 -3.95285e+05 6.00000e+21
-1.44553e+05 -3.85583e+04 -1.33300e+05 4.99732e+05 6.00000e+21
8.23370e+04 -1.93626e+05 -4.01344e+05 -1.70666e+05 6.00000e+21
2.27905e+05 -1.10992e+05 -1.73971e+05 -3.57221e+05 6.00000e+21
2.58059e+05 4.74564e+04 7.06352e+04 -3.84101e+05 6.00000e+21
1.63821e+05 -1.91154e+05 -3.02742e+05 -2.59452e+05 6.00000e+21
7.81656e+04 1.88601e+05 4.09011e+05 -1.69514e+05 6.00000e+21
-9.28640e+04 9.81063e+04 3.95288e+05 3.74166e+05 6.00000e+21
-9.15219e+04 3.65197e+03 2.63548e+04 6.60477e+05 6.00000e+21
-5.85075e+04 2.24852e+05 4.01654e+05 1.04512e+05 6.00000e+21
-7.29992e+03 -4.25383e+04 -9.49063e+05 1.62867e+05 6.00000e+21
-1.44885e+05 2.30148e+05 3.24638e+05 2.04369e+05 6.00000e+21
-1.05007e+05 2.17360e+05 3.66627e+05 1.77118e+05 6.00000e+21
8.09310e+04 4.23005e+05 2.99403e+05 -5.72830e+04 6.00000e+21
-3.36078e+05 2.80830e+05 1.93830e+05 2.31963e+05 6.00000e+21
-1.32662e+05 -1.84565e+04 -7.53222e+04 5.41403e+05 6.00000e+21
2.93482e+05 6.89599e+04 8.33412e+04 -3.54685e+05 6.00000e+21
-2.67326e+05 1.63766e+05 1.86640e+05 3.04665e+05 6.00000e+21
-7.04956e+04 1.29951e+03 1.38855e+04 7.53263e+05 6.00000e+21
2.22273e+05 -2.09745e+05 -2.48357e+05 -2.63191e+05 6.00000e+21
-7.53079e+04 4.06227e+05 3.06019e+05 5.67309e+04 6.00000e+21
-1.89140e+05 -1.47759e+05 -2.51384e+05 3.21786e+05 6.00000e+21
-1.60935e+05 -1.22913e+05 -2.69828e+05 3.53298e+05 6.00000e+21
-2.24152e+05 2.15524e+05 2.48646e+05 2.58601e+05 6.00000e+21
-4.25944e+04 7.07834e+04 5.96367e+05 3.58868e+05 6.00000e+21
-8.95944e+04 1.93703e+05 3.93028e+05 1.81789e+05 6.00000e+21
-2.42666e+05 -2.93071e+05 -2.49796e+05 2.06834e+05 6.00000e+21
2.63431e+05 2.08131e+05 2.14038e+05 -2.70907e+05 6.00000e+21
-2.52377e+05 -2.24834e+05 -2.28889e+05 2.56929e+05 6.00000e+21
3.45857e+03 -1.02576e+04 -1.82198e+06 -6.14317e+05 6.00000e+21
-2.26176e+04 3.00623e+05 3.63320e+05 2.73347e+04 6.00000e+21
2.43363e+05 -3.41627e+05 -2.51581e+05 -1.79217e+05 6.00000e+21
8.18923e+04 2.15317e+05 3.89578e+05 -1.48170e+05 6.00000e+21
-1.70919e+05 4.39608e+05 2.71489e+05 1.05555e+05 6.00000e+21
-1.25482e+05 -2.91376e+05 -3.26209e+05 1.40483e+05 6.00000e+21
-2.38702e+05 1.20338e+05 1.74179e+05 3.45500e+05 6.00000e+21
2.61634e+04 -7.75329e+04 -6.62627e+05 -2.23602e+05 6.00000e+21
9.75045e+04 1.35592e+05 3.97429e+05 -2.85792e+05 6.00000e+21
-2.69052e+05 -1.74961e+03 -2.50791e+03 3.85662e+05 6.00000e+21
-7.96967e+04 7.95569e+04 4.21167e+05 4.21908e+05 6.00000e+21
3.08541e+05 -1.70547e+05 -1.62994e+05 -2.94877e+05 6.00000e+21
6.69282e+04 2.27756e+05 3.93936e+05 -1.15761e+05 6.00000e+21
2.97311e+04 2.44256e+05 4.00337e+05 -4.87295e+04 6.00000e+21
6.70231e+04 -3.33468e+05 -3.36289e+05 -6.75902e+04 6.00000e+21
6.77783e+04 -2.42918e+05 -3.83698e+05 -1.07058e+05 6.00000e+21
1.63301e+04 -2.86803e+04 -9.56934e+05 -5.44862e+05 6.00000e+21
-2.56589e+05 -2.49172e+05 -2.33036e+05 2.39972e+05 6.00000e+21
-3.05774e+04 5.73457e+04 6.92444e+05 3.69219e+05 6.00000e+21
-3.12179e+05 -1.35323e+05 -1.36401e+05 3.14667e+05 6.00000e+21
-2.87660e+05 2.23850e+05 2.03497e+05 2.61505e+05 6.00000e+21
3.65437e+04 -1.33881e+04 -3.48831e+05 -9.52160e+05 6.00000e+21
1.34120e+05 -1.22517e+05 -3.16566e+05 -3.46545e+05 6.00000e+21
1.48804e+05 -1.79354e+05 -3.18923e+05 -2.64600e+05 6.00000e+21
2.30288e+04 -6.88222e+04 -7.04216e+05 -2.35640e+05 6.00000e+21
5.22099e+04 -3.60578e+05 -3.28005e+05 -4.74936e+04 6.00000e+21
1.71208e+05 3.99999e+05 2.78814e+05 -1.19339e+05 6.00000e+21
-1.52873e+05 2.87939e+04 9.38829e+04 4.98445e+05 6.00000e+21
3.19054e+04 -1.19001e+05 -5.50495e+05 -1.47594e+05 6.00000e+21
1.86069e+05 5.09946e+04 1.20382e+05 -4.39250e+05 6.00000e+21
-4.79937e+04 1.21999e+04 2.21475e+05 8.71268e+05 6.00000e+21
5.72822e+04 4.11692e+03 5.98416e+04 -8.32627e+05 6.00000e+21
1.70801e+05 -1.49835e+05 -2.76768e+05 -3.15495e+05 6.00000e+21
-1.47482e+05 2.16929e+05 3.23015e+05 2.19605e+05 6.00000e+21
2.16802e+05 1.81552e+03 3.59768e+03 -4.29620e+05 6.00000e+21
-2.58600e+04 -5.90282e+04 -7.21808e+05 3.16221e+05 6.00000e+21
2.10704e+04 5.87320e+04 7.53817e+05 -2.70436e+05 6.00000e+21
-5.16318e+03 -1.42049e+05 -5.30260e+05 1.92738e+04 6.00000e+21
2.20085e+05 1.02924e+05 1.71928e+05 -3.67638e+05 6.00000e+21
-5.73427e+03 -6.40755e+02 -2.92464e+05 2.61733e+06 6.00000e+21
-2.57148e+05 -7.04338e+04 -1.02349e+05 3.73666e+05 6.00000e+21
-2.86176e+04 -2.22676e+04 -6.45154e+05 8.29132e+05 6.00000e+21
-4.59968e+04 -6.65893e+04 -5.78588e+05 3.99663e+05 6.00000e+21
-2.31848e+04 -1.30428e+05 -5.41154e+05 9.61955e+04 6.00000e+21
-3.45792e+05 -1.58460e+05 -1.35129e+05 2.94879e+05 6.00000e+21
5.24518e+04 1.38715e+05 4.85901e+05 -1.83732e+05 6.00000e+21
2.91655e+05 -1.72198e+05 -1.74764e+05 -2.96001e+05 6.00000e+21
5.69530e+04 1.18049e+04 1.68355e+05 -8.12229e+05 6.00000e+21
4.22255e+03 -2.24247e+04 -1.30145e+06 -2.45061e+05 6.00000e+21
3.64429e+05 9.51766e+04 8.23679e+04 -3.15385e+05 6.00000e+21
-3.19416e+05 2.87187e+05 2.04080e+05 2.26983e+05 6.00000e+21
7.80832e+04 1.46306e+05 4.33383e+05 -2.31295e+05 6.00000e+21
-4.05062e+04 -2.40002e+05 -3.99837e+05 6.74822e+04 6.00000e+21
-2.32230e+05 3.07064e+05 2.57152e+05 1.94482e+05 6.00000e+21
7.10471e+04 3.73077e+05 3.18886e+05 -6.07273e+04 6.00000e+21
1.41501e+05 -3.56134e+05 -3.00322e+05 -1.19325e+05 6.00000e+21
-2.70841e+04 -2.15620e+05 -4.25789e+05 5.34834e+04 6.00000e+21
1.92702e+05 -9.03357e+04 -1.84061e+05 -3.92636e+05 6.00000e+21
7.74132e+04 6.71899e+04 4.09567e+05 -4.71884e+05 6.00000e+21
-1.95435e+05 -2.71031e+05 -2.80709e+05 2.02414e+05 6.00000e+21
1.56575e+05 -9.01123e+04 -2.34773e+05 -4.07933e+05 6.00000e+21
-2.15768e+05 1.93344e+05 2.48029e+05 2.76795e+05 6.00000e+21
-3.28164e+05 -3.36420e+05 -2.08890e+05 2.03764e+05 6.00000e+21
-2.59441e+05 -3.58664e+04 -5.35306e+04 3.87216e+05 6.00000e+21
-2.60688e+05 2.08628e+05 2.16322e+05 2.70303e+05 6.00000e+21
-1.99081e+05 -2.35252e+05 -2.75080e+05 2.32785e+05 6.00000e+21
2.14828e+05 8.15099e+04 1.48048e+05 -3.90198e+05 6.00000e+21
-2.74653e+05 -2.11210e+05 -2.07180e+05 2.69413e+05 6.00000e+21
1.38511e+05 -1.76042e+05 -3.32187e+05 -2.61366e+05 6.00000e+21
3.08959e+05 -4.60299e+04 -5.27444e+04 -3.54028e+05 6.00000e+21
2.84961e+05 3.20681e+05 2.28312e+05 -2.02881e+05 6.00000e+21
2.00894e+05 3.60858e+05 2.71979e+05 -1.51414e+05 6.00000e+21
3.88896e+05 7.19562e+04 5.78750e+04 -3.12793e+05 6.00000e+21
2.61619e+05 2.79802e+05 2.36098e+05 -2.20755e+05 6.00000e+21
1.71452e+05 1.40751e+05 2.69509e+05 -3.28295e+05 6.00000e+21
-2.47208e+05 6.35735e+04 9.86196e+04 3.83485e+05 6.00000e+21
-1.33711e+05 -1.17619e+05 -3.13105e+05 3.55941e+05 6.00000e+21
6.89966e+04 1.30478e+05 4.60317e+05 -2.43414e+05 6.00000e+21
1.98558e+05 9.09470e+04 1.78263e+05 -3.89189e+05 6.00000e+21
-3.65405e+05 -2.49585e+05 -1.69619e+05 2.48331e+05 6.00000e+21
-4.23112e+04 -2.56246e+05 -3.87301e+05 6.39509e+04 6.00000e+21
9.50640e+04 3.96512e+05 3.04653e+05 -7.30408e+04 6.00000e+21
-3.22126e+05 -4.24328e+04 -4.58350e+04 3.47954e+05 6.00000e+21
-2.06589e+05 -1.98348e+05 -2.58894e+05 2.69651e+05 6.00000e+21
3.53613e+05 -9.16924e+04 -8.30774e+04 -3.20390e+05 6.00000e+21
1.81576e+05 2.50799e+05 2.91207e+05 -2.10831e+05 6.00000e+21
-3.62217e+05 -2.28417e+05 -1.63065e+05 2.58584e+05 6.00000e+21
1.38927e+05 9.37380e+04 2.73318e+05 -4.05079e+05 6.00000e+21
-3.62950e+05 -2.71652e+05 -1.78033e+05 2.37866e+05 6.00000e+21
1.53027e+05 -7.20693e+03 -2.40445e+04 -5.10544e+05 6.00000e+21
-6.46184e+04 7.42787e+04 4.81021e+05 4.18461e+05 6.00000e+21
1.65915e+05 -3.69712e+05 -2.86710e+05 -1.28666e+05 6.00000e+21
-2.09235e+05 -1.25845e+05 -2.08665e+05 3.46936e+05 6.00000e+21
-1.90094e+05 1.81228e+04 4.34474e+04 4.55729e+05 6.00000e+21
2.09202e+04 2.22328e+05 4.21473e+05 -3.96589e+04 6.00000e+21
-2.37812e+05 -2.16599e+05 -2.37512e+05 2.60773e+05 6.00000e+21
1.33816e+04 5.08713e+04 8.43548e+05 -2.21893e+05 6.00000e+21
6.80042e+04 2.87762e+04 2.86891e+05 -6.77983e+05 6.00000e+21
-2.52079e+04 1.44035e+05 5.15321e+05 9.01875e+04 6.00000e+21
-8.00136e+04 3.17825e+05 3.38866e+05 8.53108e+04 6.00000e+21
3.38146e+04 -3.38687e+05 -3.41199e+05 -3.40654e+04 6.00000e+21
-3.01790e+05 2.76730e+05 2.11290e+05 2.30424e+05 6.00000e+21
8.04219e+04 -2.13583e+03 -1.87246e+04 -7.05053e+05 6.00000e+21
3.43907e+04 1.81432e+04 4.73381e+05 -8.97302e+05 6.00000e+21
-3.42872e+05 -1.07505e+05 -9.98447e+04 3.18441e+05 6.00000e+21
3.81687e+05 -2.34806e+05 -1.56583e+05 -2.54532e+05 6.00000e+21
2.42708e+05 -2.81684e+02 -4.71276e+02 -4.06066e+05 6.00000e+21
-1.11809e+05 1.81910e+05 3.68829e+05 2.26698e+05 6.00000e+21
1.30260e+05 -9.18633e+04 -2.88782e+05 -4.09487e+05 6.00000e+21
-1.63057e+05 1.48327e+05 2.86721e+05 3.15194e+05 6.00000e+21
-8.38566e+04 4.04015e+04 2.84603e+05 5.90716e+05 6.00000e+21
1.26999e+03 3.41734e+05 3.42208e+05 -1.27175e+03 6.00000e+21
-8.47551e+04 4.11295e+05 3.02354e+05 6.23058e+04 6.00000e+21
4.14135e+05 1.23540e+05 8.69895e+04 -2.91608e+05 6.00000e+21
9.48392e+04 2.20683e+05 3.75017e+05 -1.61164e+05 6.00000e+21
-1.03369e+05 -3.70974e+05 -3.10535e+05 8.65287e+04 6.00000e+21
-3.57780e+05 4.07463e+03 3.80856e+03 3.34417e+05 6.00000e+21
1.57372e+05 4.24666e+04 1.29092e+05 -4.78388e+05 6.00000e+21
-7.59024e+04 2.15982e+05 3.94456e+05 1.38623e+05 6.00000e+21
2.15373e+04 -1.49631e+05 -5.09270e+05 -7.33023e+04 6.00000e+21
-1.95500e+05 -1.25521e+05 -2.24237e+05 3.49249e+05 6.00000e+21
-5.81925e+04 8.26493e+04 5.14490e+05 3.62246e+05 6.00000e+21
2.08846e+05 1.08633e+04 2.27239e+04 -4.36863e+05 6.00000e+21
-1.33917e+05 2.79594e+05 3.24042e+05 1.55207e+05 6.00000e+21
4.14136e+05 8.60070e+04 6.25466e+04 -3.01171e+05 6.00000e+21
2.14099e+05 1.18094e+05 1.95400e+05 -3.54251e+05 6.00000e+21
-9.76972e+04 4.00388e+05 3.02733e+05 7.38689e+04 6.00000e+21
-4.71786e+03 -1.91688e+05 -4.56713e+05 1.12407e+04 6.00000e+21
1.90613e+04 4.88942e+04 8.13628e+05 -3.17191e+05 6.00000e+21
2.30511e+04 3.07922e+04 8.16565e+05 -6.11281e+05 6.00000e+21
4.58118e+04 1.46632e+04 2.78056e+05 -8.68724e+05 6.00000e+21
2.68189e+05 -2.87417e+05 -2.33283e+05 -2.17677e+05 6.00000e+21
2.06159e+03 1.38624e+05 5.37214e+05 -7.98935e+03 6.00000e+21
-4.81982e+04 -1.77300e+03 -3.34858e+04 9.10296e+05 6.00000e+21
1.01504e+05 1.64539e+05 3.87224e+05 -2.38878e+05 6.00000e+21
-3.23485e+05 1.69706e+05 1.53767e+05 2.93104e+05 6.00000e+21
2.92575e+05 2.99287e+04 3.75388e+04 -3.66969e+05 6.00000e+21
-1.28132e+05 -1.91806e+04 -8.22800e+04 5.49656e+05 6.00000e+21
2.15073e+05 -4.21719e+04 -8.22231e+04 -4.19331e+05 6.00000e+21
-1.71197e+04 -1.93004e+05 -4.52691e+05 4.01541e+04 6.00000e+21
-1.94571e+05 2.82227e+05 2.81307e+05 1.93937e+05 6.00000e+21
1.30195e+04 5.34989e+04 8.28371e+05 -2.01592e+05 6.00000e+21
1.22097e+05 6.03921e+04 2.40312e+05 -4.85847e+05 6.00000e+21
-2.89545e+05 -8.98376e+03 -1.15268e+04 3.71507e+05 6.00000e+21
3.42158e+05 1.29668e+05 1.17198e+05 -3.09253e+05 6.00000e+21
-6.69508e+04 1.44826e+05 4.54601e+05 2.10156e+05 6.00000e+21
-5.94677e+04 1.27190e+04 1.69668e+05 7.93284e+05 6.00000e+21
7.08095e+04 -3.92925e+05 -3.11583e+05 -5.61509e+04 6.00000e+21
-3.06431e+05 -2.18663e+05 -1.89389e+05 2.65407e+05 6.00000e+21
-1.52172e+05 -4.46321e+04 -1.41385e+05 4.82049e+05 6.00000e+21
-1.91260e+05 3.81886e+05 2.73699e+05 1.37077e+05 6.00000e+21
-3.93794e+05 -7.58584e+04 -5.97546e+04 3.10196e+05 6.00000e+21
3.03438e+05 -3.54916e+05 -2.22516e+05 -1.90242e+05 6.00000e+21
-6.67911e+04 5.81210e+04 4.41338e+05 5.07175e+05 6.00000e+21
6.36145e+04 8.33839e+03 1.02645e+05 -7.83090e+05 6.00000e+21
-2.66199e+05 7.65802e+04 1.05086e+05 3.65289e+05 6.00000e+21
1.78891e+04 -2.11465e+04 -9.17695e+05 -7.76332e+05 6.00000e+21
-1.96152e+05 2.77784e+05 2.80231e+05 1.97880e+05 6.00000e+21
8.58923e+04 2.40004e+05 3.73057e+05 -1.33509e+05 6.00000e+21
4.70491e+04 -5.45449e+04 -5.64410e+05 -4.86847e+05 6.00000e+21
1.43718e+05 4.02733e+05 2.88129e+05 -1.02821e+05 6.00000e+21
-2.27068e+05 -7.66656e+04 -1.30720e+05 3.87166e+05 6.00000e+21
2.70765e+05 -1.46611e+05 -1.71660e+05 -3.17027e+05 6.00000e+21
9.38517e+04 -2.87074e+05 -3.45992e+05 -1.13114e+05 6.00000e+21
-5.86637e+04 -1.90227e+03 -2.67617e+04 8.25299e+05 6.00000e+21
4.21437e+05 -7.92468e+04 -5.64552e+04 -3.00230e+05 6.00000e+21
-3.05285e+04 8.48295e+04 6.26897e+05 2.25608e+05 6.00000e+21
1.40520e+04 -7.64807e+04 -7.05584e+05 -1.29639e+05 6.00000e+21
-5.62645e+04 6.97613e+04 5.20142e+05 4.19510e+05 6.00000e+21
7.44571e+04 -2.04777e+05 -4.02767e+05 -1.46446e+05 6.00000e+21
1.62603e+04 8.83174e+03 7.01918e+05 -1.29232e+06 6.00000e+21
-1.20128e+04 -2.63020e+05 -3.89463e+05 1.77879e+04 6.00000e+21
4.16075e+01 1.32923e+05 5.48705e+05 -1.71755e+02 6.00000e+21
8.43959e+03 -1.30320e+05 -5.52422e+05 -3.57752e+04 6.00000e+21
4.40791e+03 2.59262e+01 1.77222e+04 -3.01308e+06 6.00000e+21
1.05857e+06 1.47498e+05 7.31208e+02 2.05122e+05 5.40000e+18
9.25381e+05 -3.74498e+04 -8.05774e+02 2.06124e+05 5.40000e+18
9.73055e+05 1.03512e+05 8.89936e+02 2.05448e+05 5.40000e+18
1.21107e+06 2.77832e+05 6.65530e+02 2.05045e+05 5.40000e+18
9.13928e+05 1.77350e+05 9.05150e+02 2.05844e+05 5.40000e+18
8.98086e+05 2.76942e+04 4.60302e+02 2.06477e+05 5.40000e+18
9.13089e+05 -4.21864e+03 -1.16949e+02 2.06593e+05 5.40000e+18
