101
2.83800e+06
0.00000e+00 0.00000e+00 0.00000e+00 0.00000e+00 1.60000e+24
4.30668e+04 -3.34133e+04 -2.71234e+04 -3.49596e+04 1.00000e+19
-1.53645e+05 -3.55766e+05 -1.52348e+04 6.57945e+03 1.00000e+19
5.76827e+04 -1.34600e+04 -9.64564e+03 -4.13362e+04 1.00000e+19
2.85189e+04 -1.86357e+04 -3.06162e+04 -4.68532e+04 1.00000e+19
9.64300e+04 -1.43947e+05 -2.06193e+04 -1.38128e+04 1.00000e+19
-9.64591e+04 3.88911e+04 1.19783e+04 2.97091e+04 1.00000e+19
-2.62382e+05 8.86382e+04 6.28264e+03 1.85976e+04 1.00000e+19
7.78011e+04 9.68791e+04 2.28506e+04 -1.83507e+04 1.00000e+19
-1.23416e+04 3.87495e+04 4.88111e+04 1.55462e+04 1.00000e+19
-5.87571e+04 4.06914e+05 1.59459e+04 2.30255e+03 1.00000e+19
-2.27051e+05 2.08408e+05 1.25832e+04 1.37089e+04 1.00000e+19
1.01399e+05 -2.64101e+05 -1.81321e+04 -6.96168e+03 1.00000e+19
8.62890e+03 -1.15040e+05 -3.03300e+04 -2.27499e+03 1.00000e+19
-2.04521e+05 -1.74482e+05 -1.29313e+04 1.51576e+04 1.00000e+19
-6.04583e+04 -3.08041e+04 -1.80042e+04 3.53363e+04 1.00000e+19
6.79677e+04 -3.02919e+05 -1.80909e+04 -4.05918e+03 1.00000e+19
3.47976e+05 -2.18661e+05 -8.57377e+03 -1.36443e+04 1.00000e+19
1.22383e+05 -5.70509e+04 -1.18782e+04 -2.54807e+04 1.00000e+19
1.36041e+05 3.40172e+05 1.58471e+04 -6.33752e+03 1.00000e+19
-1.45378e+03 1.03035e+05 6.23133e+05 8.79213e+03 6.00000e+21
1.01565e+03 2.21697e+02 1.32319e+06 -6.06186e+06 6.00000e+21
-5.41446e+04 2.42142e+04 3.35344e+05 7.49851e+05 6.00000e+21
1.19504e+03 9.97211e+01 4.80387e+05 -5.75688e+06 6.00000e+21
3.32785e+05 -3.41747e+04 -3.53330e+04 -3.44064e+05 6.00000e+21
-1.33920e+05 -8.67830e+04 -2.72335e+05 4.20257e+05 6.00000e+21
8.22050e+04 5.84531e+04 3.65018e+05 -5.13339e+05 6.00000e+21
-3.20724e+05 -2.04267e+05 -1.74275e+05 2.73633e+05 6.00000e+21
3.63253e+05 1.07700e+05 9.23845e+04 -3.11595e+05 6.00000e+21
6.25316e+04 -1.19701e+05 -4.82496e+05 -2.52055e+05 6.00000e+21
6.10193e+04 5.58097e+04 4.69513e+05 -5.13340e+05 6.00000e+21
1.57300e+04 -3.75975e+04 -9.14154e+05 -3.82463e+05 6.00000e+21
4.26318e+05 -3.29241e+04 -2.35567e+04 -3.05025e+05 6.00000e+21
4.40711e+05 -1.16873e+05 -7.59426e+04 -2.86368e+05 6.00000e+21
5.74768e+04 3.65203e+04 4.11124e+05 -6.47040e+05 6.00000e+21
3.89516e+05 6.07282e+04 4.90816e+04 -3.14814e+05 6.00000e+21
3.59528e+05 1.12580e+05 9.73945e+04 -3.11032e+05 6.00000e+21
-6.76384e+04 5.58944e+04 4.30205e+05 5.20596e+05 6.00000e+21
-8.23399e+04 -7.80579e+04 -4.08600e+05 4.31014e+05 6.00000e+21
2.95640e+05 4.80628e+04 5.86551e+04 -3.60795e+05 6.00000e+21
-2.41406e+04 -2.19362e+05 -4.23289e+05 4.65826e+04 6.00000e+21
-1.62994e+05 1.53030e+04 4.62167e+04 4.92259e+05 6.00000e+21
-4.97544e+04 1.23849e+05 5.08111e+05 2.04126e+05 6.00000e+21
-9.22725e+04 4.30566e+05 2.94776e+05 6.31721e+04 6.00000e+21
-1.57291e+04 -2.46539e+05 -4.01673e+05 2.56265e+04 6.00000e+21
2.40544e+05 9.54600e+03 1.61680e+04 -4.07407e+05 6.00000e+21
3.75691e+05 -3.41441e+04 -2.94801e+04 -3.24372e+05 6.00000e+21
4.33485e+04 7.17391e+03 1.55823e+05 -9.41565e+05 6.00000e+21
2.17187e+05 -2.30444e+05 -2.58708e+05 -2.43825e+05 6.00000e+21
-5.27159e+04 -9.42120e+04 -5.31330e+05 2.97303e+05 6.00000e+21
2.75798e+05 -1.42702e+05 -1.64974e+05 -3.18842e+05 6.00000e+21
2.33699e+05 3.42301e+04 5.96550e+04 -4.07283e+05 6.00000e+21
-2.64552e+05 -2.73571e+05 -2.33113e+05 2.25428e+05 6.00000e+21
-6.10572e+03 6.39004e+03 1.53852e+06 1.47006e+06 6.00000e+21
2.84059e+05 7.34164e+03 9.69620e+03 -3.75160e+05 6.00000e+21
-2.13052e+05 -1.61178e+05 -2.33513e+05 3.08667e+05 6.00000e+21
-1.03663e+05 -3.90084e+05 -3.04322e+05 8.08717e+04 6.00000e+21
6.36790e+04 2.57923e+04 2.86520e+05 -7.07393e+05 6.00000e+21
3.72533e+05 -3.03781e+03 -2.67257e+03 -3.27744e+05 6.00000e+21
5.49485e+04 -4.65067e+04 -4.81690e+05 -5.69125e+05 6.00000e+21
8.13467e+05 -3.97586e+05 -8.72626e+02 2.05971e+05 5.40000e+18
1.04428e+06 2.58339e+05 8.59714e+02 2.05353e+05 5.40000e+18
9.50420e+05 -5.62438e+03 -7.23231e+02 2.05112e+05 5.40000e+18
1.29275e+06 -1.18424e+05 -2.97285e+02 2.04810e+05 5.40000e+18
1.02627e+06 -4.18660e+05 -9.03377e+02 2.05507e+05 5.40000e+18
1.04339e+06 -9.35020e+04 -6.37023e+02 2.05017e+05 5.40000e+18
7.48304e+05 1.54726e+04 7.17706e+01 2.06597e+05 5.40000e+18
8.68818e+05 -5.66290e+04 -5.44134e+02 2.06422e+05 5.40000e+18
7.18814e+05 1.98888e+04 8.02192e+01 2.06597e+05 5.40000e+18
8.69070e+05 -1.38860e+05 -8.04605e+02 2.06126e+05 5.40000e+18
9.41077e+05 2.98385e+04 9.07562e+02 2.05830e+05 5.40000e+18
1.05540e+06 -1.94415e+05 -8.01631e+02 2.05229e+05 5.40000e+18
1.06944e+06 -5.29448e+04 -3.62590e+02 2.04835e+05 5.40000e+18
6.07150e+05 1.77268e+05 4.26384e+02 2.06495e+05 5.40000e+18
6.77242e+05 -3.82149e+05 -7.52393e+02 2.06210e+05 5.40000e+18
8.62278e+05 -1.67662e+05 -8.22936e+02 2.06091e+05 5.40000e+18
9.42703e+05 4.89334e+04 9.17751e+02 2.05742e+05 5.40000e+18
1.00546e+06 -2.36083e+05 -8.91976e+02 2.05456e+05 5.40000e+18
1.24061e+06 1.30952e+05 3.73614e+02 2.04840e+05 5.40000e+18
9.56655e+05 1.47914e+05 9.17453e+02 2.05614e+05 5.40000e+18
-9.16620e+05 -1.13329e+06 -2.91972e+03 2.36151e+03 5.70000e+19
-7.99832e+05 -1.65875e+06 -3.38250e+03 1.63100e+03 5.70000e+19
9.30221e+05 8.48377e+05 2.53046e+03 -2.77457e+03 5.70000e+19
-1.24814e+06 -6.61121e+05 -1.75772e+03 3.31842e+03 5.70000e+19
1.55099e+06 -1.27254e+06 -2.38191e+03 -2.90310e+03 5.70000e+19
-1.05478e+06 3.48627e+05 1.17847e+03 3.56549e+03 5.70000e+19
1.96009e+06 -1.00799e+06 -1.71736e+03 -3.33948e+03 5.70000e+19
1.34297e+06 -3.01640e+05 -8.22940e+02 -3.66391e+03 5.70000e+19
-2.27311e+05 -1.79424e+05 -2.32663e+03 2.94759e+03 5.70000e+19
-1.23178e+06 -1.05142e+06 -2.43798e+03 2.85618e+03 5.70000e+19
-2.31639e+06 -1.08396e+06 -1.59160e+03 3.40122e+03 5.70000e+19
1.17092e+05 2.77324e+03 8.89139e+01 -3.75414e+03 5.70000e+19
1.10481e+06 -1.43526e+05 -4.83769e+02 -3.72390e+03 5.70000e+19
1.04948e+06 -2.12467e+05 -7.45118e+02 -3.68053e+03 5.70000e+19
-1.74014e+05 5.96237e+05 3.60480e+03 1.05208e+03 5.70000e+19
-1.14577e+05 -7.74688e+04 -3.01294e+05 4.45617e+05 6.00000e+21
-1.85685e+05 2.83625e+05 2.87462e+05 1.88197e+05 6.00000e+21
-2.88408e+05 -8.20797e+04 -9.99990e+04 3.51372e+05 6.00000e+21
-1.08067e+05 1.07955e+05 3.61750e+05 3.62123e+05 6.00000e+21
4.47995e+03 1.88567e+05 4.60492e+05 -1.09403e+04 6.00000e+21
-6.99336e+05 1.14152e+04 6.12877e+01 3.75469e+03 5.70000e+19
